    3.4627    4.2490
    3.4741    4.2000
    3.4855    4.1530
    3.4969    4.1060
    3.5083    4.0600
    3.5197    4.0150
    3.5311    3.9720
    3.5426    3.9290
    3.5540    3.8880
    3.5654    3.8490
    3.5768    3.8110
    3.5882    3.7750
    3.5996    3.7400
    3.6110    3.7080
    3.6224    3.6770
    3.6338    3.6480
    3.6452    3.6220
    3.6566    3.5970
    3.6680    3.5750
    3.6794    3.5550
    3.6908    3.5370
    3.7023    3.5220
    3.7137    3.5080
    3.7251    3.4980
    3.7365    3.4890
    3.7479    3.4830
    3.7593    3.4800
    3.7707    3.4780

