    0.5774    0.4470
    0.5888    0.4470
    0.6003    0.4500
    0.6118    0.4540
    0.6233    0.4590
    0.6348    0.4660
    0.6463    0.4750
    0.6578    0.4840
    0.6693    0.4950
    0.6808    0.5070
    0.6923    0.5190
    0.7038    0.5320
    0.7153    0.5460
    0.7268    0.5590
    0.7383    0.5720
    0.7498    0.5840
    0.7613    0.5960
    0.7728    0.6060
    0.7842    0.6150
    0.7957    0.6220
    0.8072    0.6280
    0.8187    0.6310
    0.8302    0.6330
    0.8417    0.6320
    0.8532    0.6310
    0.8647    0.6280
    0.8762    0.6250
    0.8877    0.6220
    0.8992    0.6200
    0.9107    0.6190

    0.5774    2.7560
    0.5888    2.7550
    0.6003    2.7540
    0.6118    2.7520
    0.6233    2.7480
    0.6348    2.7430
    0.6463    2.7360
    0.6578    2.7260
    0.6693    2.7140
    0.6808    2.6980
    0.6923    2.6790
    0.7038    2.6570
    0.7153    2.6300
    0.7268    2.6010
    0.7383    2.5710
    0.7498    2.5390
    0.7613    2.5070
    0.7728    2.4770
    0.7842    2.4490
    0.7957    2.4240
    0.8072    2.4040
    0.8187    2.3890
    0.8302    2.3800
    0.8417    2.3770
    0.8532    2.3810
    0.8647    2.3910
    0.8762    2.4070
    0.8877    2.4290
    0.8992    2.4570
    0.9107    2.4900

    0.5774    3.4780
    0.5888    3.4760
    0.6003    3.4700
    0.6118    3.4590
    0.6233    3.4450
    0.6348    3.4280
    0.6463    3.4090
    0.6578    3.3900
    0.6693    3.3700
    0.6808    3.3520
    0.6923    3.3360
    0.7038    3.3240
    0.7153    3.3150
    0.7268    3.3110
    0.7383    3.3120
    0.7498    3.3170
    0.7613    3.3260
    0.7728    3.3390
    0.7842    3.3550
    0.7957    3.3750
    0.8072    3.3980
    0.8187    3.4230
    0.8302    3.4510
    0.8417    3.4820
    0.8532    3.5150
    0.8647    3.5500
    0.8762    3.5880
    0.8877    3.6270
    0.8992    3.6680
    0.9107    3.7110

    0.5774   16.2540
    0.5888   16.2610
    0.6003   16.2820
    0.6118   16.3170
    0.6233   16.3660
    0.6348   16.4280
    0.6463   16.5020
    0.6578   16.5880
    0.6693   16.6840
    0.6808   16.7910
    0.6923   16.9060
    0.7038   17.0300
    0.7153   17.1590
    0.7268   17.2930
    0.7383   17.4310
    0.7498   17.5710
    0.7613   17.7120
    0.7728   17.8510
    0.7842   17.9870
    0.7957   18.1180
    0.8072   18.2420
    0.8187   18.3580
    0.8302   18.4640
    0.8417   18.5580
    0.8532   18.6390
    0.8647   18.7060
    0.8762   18.7590
    0.8877   18.7960
    0.8992   18.8190
    0.9107   18.8260

    0.5774   21.0080
    0.5888   21.0080
    0.6003   21.0060
    0.6118   21.0020
    0.6233   20.9980
    0.6348   20.9920
    0.6463   20.9840
    0.6578   20.9760
    0.6693   20.9660
    0.6808   20.9550
    0.6923   20.9440
    0.7038   20.9310
    0.7153   20.9170
    0.7268   20.9020
    0.7383   20.8870
    0.7498   20.8710
    0.7613   20.8540
    0.7728   20.8370
    0.7842   20.8180
    0.7957   20.7990
    0.8072   20.7780
    0.8187   20.7550
    0.8302   20.7310
    0.8417   20.7030
    0.8532   20.6710
    0.8647   20.6340
    0.8762   20.5920
    0.8877   20.5450
    0.8992   20.4930
    0.9107   20.4370

