    7.5414    0.6630
    7.5528    0.6240
    7.5642    0.5880
    7.5756    0.5540
    7.5870    0.5250
    7.5984    0.4980
    7.6098    0.4740
    7.6212    0.4540
    7.6326    0.4360
    7.6440    0.4220
    7.6554    0.4100
    7.6669    0.4020
    7.6783    0.3950
    7.6897    0.3920
    7.7011    0.3910
    7.7125    0.3910
    7.7239    0.3940
    7.7353    0.3980
    7.7467    0.4030
    7.7581    0.4090
    7.7695    0.4160
    7.7809    0.4230
    7.7923    0.4290
    7.8037    0.4350
    7.8151    0.4400
    7.8266    0.4430
    7.8380    0.4460
    7.8494    0.4470

    7.5414    4.3920
    7.5528    4.3340
    7.5642    4.2720
    7.5756    4.2050
    7.5870    4.1350
    7.5984    4.0610
    7.6098    3.9850
    7.6212    3.9060
    7.6326    3.8260
    7.6440    3.7440
    7.6554    3.6620
    7.6669    3.5810
    7.6783    3.5000
    7.6897    3.4200
    7.7011    3.3420
    7.7125    3.2670
    7.7239    3.1940
    7.7353    3.1260
    7.7467    3.0610
    7.7581    3.0010
    7.7695    2.9470
    7.7809    2.8980
    7.7923    2.8560
    7.8037    2.8200
    7.8151    2.7920
    7.8266    2.7720
    7.8380    2.7600
    7.8494    2.7560

    7.5414   15.0760
    7.5528   15.1270
    7.5642   15.1820
    7.5756   15.2420
    7.5870   15.3050
    7.5984   15.3700
    7.6098   15.4370
    7.6212   15.5040
    7.6326   15.5720
    7.6440   15.6390
    7.6554   15.7030
    7.6669   15.7660
    7.6783   15.8260
    7.6897   15.8830
    7.7011   15.9360
    7.7125   15.9840
    7.7239   16.0290
    7.7353   16.0700
    7.7467   16.1060
    7.7581   16.1380
    7.7695   16.1660
    7.7809   16.1900
    7.7923   16.2100
    7.8037   16.2260
    7.8151   16.2380
    7.8266   16.2470
    7.8380   16.2520
    7.8494   16.2540

    7.5414   20.5980
    7.5528   20.5510
    7.5642   20.5080
    7.5756   20.4710
    7.5870   20.4410
    7.5984   20.4170
    7.6098   20.4000
    7.6212   20.3910
    7.6326   20.3890
    7.6440   20.3940
    7.6554   20.4070
    7.6669   20.4270
    7.6783   20.4540
    7.6897   20.4860
    7.7011   20.5240
    7.7125   20.5670
    7.7239   20.6140
    7.7353   20.6630
    7.7467   20.7130
    7.7581   20.7640
    7.7695   20.8130
    7.7809   20.8590
    7.7923   20.9010
    7.8037   20.9380
    7.8151   20.9680
    7.8266   20.9900
    7.8380   21.0040
    7.8494   21.0080

