    1.8853    2.7570
    1.8965    2.7570
    1.9076    2.7570
    1.9187    2.7570
    1.9298    2.7570
    1.9409    2.7560
    1.9520    2.7550
    1.9631    2.7540
    1.9742    2.7520
    1.9853    2.7490
    1.9964    2.7450
    2.0075    2.7390
    2.0186    2.7320
    2.0297    2.7220
    2.0408    2.7100
    2.0519    2.6950
    2.0630    2.6770
    2.0741    2.6540
    2.0852    2.6270
    2.0963    2.5940
    2.1074    2.5570
    2.1185    2.5130
    2.1296    2.4640
    2.1407    2.4090
    2.1518    2.3490
    2.1629    2.2830
    2.1740    2.2120
    2.1851    2.1370
    2.1962    2.0580
    2.2073    1.9760
    2.2184    1.8930
    2.2295    1.8080
    2.2406    1.7230
    2.2517    1.6370
    2.2628    1.5530
    2.2740    1.4690
    2.2851    1.3880
    2.2962    1.3090
    2.3073    1.2330
    2.3184    1.1600
    2.3295    1.0910
    2.3406    1.0260
    2.3517    0.9660
    2.3628    0.9100
    2.3739    0.8600
    2.3850    0.8150
    2.3961    0.7750
    2.4072    0.7410
    2.4183    0.7130
    2.4294    0.6920
    2.4405    0.6760
    2.4516    0.6660
    2.4627    0.6630

    1.8853    2.7570
    1.8965    2.7570
    1.9076    2.7570
    1.9187    2.7570
    1.9298    2.7570
    1.9409    2.7560
    1.9520    2.7550
    1.9631    2.7540
    1.9742    2.7520
    1.9853    2.7490
    1.9964    2.7450
    2.0075    2.7390
    2.0186    2.7320
    2.0297    2.7220
    2.0408    2.7100
    2.0519    2.6950
    2.0630    2.6770
    2.0741    2.6540
    2.0852    2.6270
    2.0963    2.5940
    2.1074    2.5570
    2.1185    2.5130
    2.1296    2.4640
    2.1407    2.4090
    2.1518    2.3490
    2.1629    2.2830
    2.1740    2.2120
    2.1851    2.1370
    2.1962    2.0580
    2.2073    1.9760
    2.2184    1.8930
    2.2295    1.8080
    2.2406    1.7230
    2.2517    1.6370
    2.2628    1.5530
    2.2740    1.4690
    2.2851    1.3880
    2.2962    1.3090
    2.3073    1.2330
    2.3184    1.1600
    2.3295    1.0910
    2.3406    1.0260
    2.3517    0.9660
    2.3628    0.9100
    2.3739    0.8600
    2.3850    0.8150
    2.3961    0.7750
    2.4072    0.7410
    2.4183    0.7130
    2.4294    0.6920
    2.4405    0.6760
    2.4516    0.6660
    2.4627    0.6630

    1.8853    5.5510
    1.8965    5.5470
    1.9076    5.5360
    1.9187    5.5170
    1.9298    5.4910
    1.9409    5.4580
    1.9520    5.4180
    1.9631    5.3730
    1.9742    5.3210
    1.9853    5.2650
    1.9964    5.2040
    2.0075    5.1400
    2.0186    5.0730
    2.0297    5.0030
    2.0408    4.9320
    2.0519    4.8620
    2.0630    4.7910
    2.0741    4.7230
    2.0852    4.6560
    2.0963    4.5930
    2.1074    4.5350
    2.1185    4.4810
    2.1296    4.4330
    2.1407    4.3900
    2.1518    4.3530
    2.1629    4.3220
    2.1740    4.2970
    2.1851    4.2770
    2.1962    4.2630
    2.2073    4.2530
    2.2184    4.2470
    2.2295    4.2440
    2.2406    4.2450
    2.2517    4.2480
    2.2628    4.2530
    2.2740    4.2600
    2.2851    4.2690
    2.2962    4.2780
    2.3073    4.2890
    2.3184    4.2990
    2.3295    4.3100
    2.3406    4.3210
    2.3517    4.3320
    2.3628    4.3420
    2.3739    4.3520
    2.3850    4.3610
    2.3961    4.3690
    2.4072    4.3750
    2.4183    4.3810
    2.4294    4.3860
    2.4405    4.3890
    2.4516    4.3910
    2.4627    4.3920

    1.8853    5.5510
    1.8965    5.5470
    1.9076    5.5360
    1.9187    5.5170
    1.9298    5.4910
    1.9409    5.4580
    1.9520    5.4180
    1.9631    5.3730
    1.9742    5.3210
    1.9853    5.2650
    1.9964    5.2040
    2.0075    5.1400
    2.0186    5.0730
    2.0297    5.0030
    2.0408    4.9320
    2.0519    4.8620
    2.0630    4.7910
    2.0741    4.7230
    2.0852    4.6560
    2.0963    4.5930
    2.1074    4.5350
    2.1185    4.4810
    2.1296    4.4330
    2.1407    4.3900
    2.1518    4.3530
    2.1629    4.3220
    2.1740    4.2970
    2.1851    4.2770
    2.1962    4.2630
    2.2073    4.2530
    2.2184    4.2470
    2.2295    4.2440
    2.2406    4.2450
    2.2517    4.2480
    2.2628    4.2530
    2.2740    4.2600
    2.2851    4.2690
    2.2962    4.2780
    2.3073    4.2890
    2.3184    4.2990
    2.3295    4.3100
    2.3406    4.3210
    2.3517    4.3320
    2.3628    4.3420
    2.3739    4.3520
    2.3850    4.3610
    2.3961    4.3690
    2.4072    4.3750
    2.4183    4.3810
    2.4294    4.3860
    2.4405    4.3890
    2.4516    4.3910
    2.4627    4.3920

    1.8853   15.8300
    1.8965   15.8310
    1.9076   15.8360
    1.9187   15.8440
    1.9298   15.8550
    1.9409   15.8680
    1.9520   15.8830
    1.9631   15.9000
    1.9742   15.9190
    1.9853   15.9370
    1.9964   15.9560
    2.0075   15.9740
    2.0186   15.9910
    2.0297   16.0060
    2.0408   16.0190
    2.0519   16.0280
    2.0630   16.0340
    2.0741   16.0370
    2.0852   16.0350
    2.0963   16.0290
    2.1074   16.0190
    2.1185   16.0050
    2.1296   15.9860
    2.1407   15.9640
    2.1518   15.9370
    2.1629   15.9070
    2.1740   15.8750
    2.1851   15.8390
    2.1962   15.8010
    2.2073   15.7620
    2.2184   15.7200
    2.2295   15.6780
    2.2406   15.6350
    2.2517   15.5920
    2.2628   15.5480
    2.2740   15.5050
    2.2851   15.4630
    2.2962   15.4220
    2.3073   15.3820
    2.3184   15.3430
    2.3295   15.3070
    2.3406   15.2720
    2.3517   15.2400
    2.3628   15.2100
    2.3739   15.1830
    2.3850   15.1580
    2.3961   15.1370
    2.4072   15.1190
    2.4183   15.1030
    2.4294   15.0920
    2.4405   15.0830
    2.4516   15.0780
    2.4627   15.0760

    1.8853   15.8300
    1.8965   15.8310
    1.9076   15.8360
    1.9187   15.8440
    1.9298   15.8550
    1.9409   15.8680
    1.9520   15.8830
    1.9631   15.9000
    1.9742   15.9190
    1.9853   15.9370
    1.9964   15.9560
    2.0075   15.9740
    2.0186   15.9910
    2.0297   16.0060
    2.0408   16.0190
    2.0519   16.0280
    2.0630   16.0340
    2.0741   16.0370
    2.0852   16.0350
    2.0963   16.0290
    2.1074   16.0190
    2.1185   16.0050
    2.1296   15.9860
    2.1407   15.9640
    2.1518   15.9370
    2.1629   15.9070
    2.1740   15.8750
    2.1851   15.8390
    2.1962   15.8010
    2.2073   15.7620
    2.2184   15.7200
    2.2295   15.6780
    2.2406   15.6350
    2.2517   15.5920
    2.2628   15.5480
    2.2740   15.5050
    2.2851   15.4630
    2.2962   15.4220
    2.3073   15.3820
    2.3184   15.3430
    2.3295   15.3070
    2.3406   15.2720
    2.3517   15.2400
    2.3628   15.2100
    2.3739   15.1830
    2.3850   15.1580
    2.3961   15.1370
    2.4072   15.1190
    2.4183   15.1030
    2.4294   15.0920
    2.4405   15.0830
    2.4516   15.0780
    2.4627   15.0760

    1.8853   20.5740
    1.8965   20.5620
    1.9076   20.5290
    1.9187   20.4830
    1.9298   20.4290
    1.9409   20.3730
    1.9520   20.3160
    1.9631   20.2610
    1.9742   20.2070
    1.9853   20.1560
    1.9964   20.1090
    2.0075   20.0660
    2.0186   20.0280
    2.0297   19.9940
    2.0408   19.9660
    2.0519   19.9440
    2.0630   19.9270
    2.0741   19.9160
    2.0852   19.9110
    2.0963   19.9120
    2.1074   19.9180
    2.1185   19.9300
    2.1296   19.9460
    2.1407   19.9670
    2.1518   19.9920
    2.1629   20.0200
    2.1740   20.0510
    2.1851   20.0830
    2.1962   20.1180
    2.2073   20.1540
    2.2184   20.1900
    2.2295   20.2260
    2.2406   20.2610
    2.2517   20.2960
    2.2628   20.3300
    2.2740   20.3620
    2.2851   20.3920
    2.2962   20.4200
    2.3073   20.4460
    2.3184   20.4700
    2.3295   20.4920
    2.3406   20.5110
    2.3517   20.5280
    2.3628   20.5430
    2.3739   20.5550
    2.3850   20.5660
    2.3961   20.5750
    2.4072   20.5830
    2.4183   20.5880
    2.4294   20.5930
    2.4405   20.5960
    2.4516   20.5980
    2.4627   20.5980

    1.8853   20.5740
    1.8965   20.5620
    1.9076   20.5290
    1.9187   20.4830
    1.9298   20.4290
    1.9409   20.3730
    1.9520   20.3160
    1.9631   20.2610
    1.9742   20.2070
    1.9853   20.1560
    1.9964   20.1090
    2.0075   20.0660
    2.0186   20.0280
    2.0297   19.9940
    2.0408   19.9660
    2.0519   19.9440
    2.0630   19.9270
    2.0741   19.9160
    2.0852   19.9110
    2.0963   19.9120
    2.1074   19.9180
    2.1185   19.9300
    2.1296   19.9460
    2.1407   19.9670
    2.1518   19.9920
    2.1629   20.0200
    2.1740   20.0510
    2.1851   20.0830
    2.1962   20.1180
    2.2073   20.1540
    2.2184   20.1900
    2.2295   20.2260
    2.2406   20.2610
    2.2517   20.2960
    2.2628   20.3300
    2.2740   20.3620
    2.2851   20.3920
    2.2962   20.4200
    2.3073   20.4460
    2.3184   20.4700
    2.3295   20.4920
    2.3406   20.5110
    2.3517   20.5280
    2.3628   20.5430
    2.3739   20.5550
    2.3850   20.5660
    2.3961   20.5750
    2.4072   20.5830
    2.4183   20.5880
    2.4294   20.5930
    2.4405   20.5960
    2.4516   20.5980
    2.4627   20.5980

