    1.5773   -0.0560
    1.5888   -0.0510
    1.6002   -0.0370
    1.6116   -0.0140
    1.6230    0.0190
    1.6344    0.0610
    1.6458    0.1120
    1.6572    0.1720
    1.6686    0.2410
    1.6800    0.3180
    1.6914    0.4030
    1.7028    0.4950
    1.7142    0.5950
    1.7256    0.7030
    1.7371    0.8170
    1.7485    0.9380
    1.7599    1.0640
    1.7713    1.1970
    1.7827    1.3350
    1.7941    1.4780
    1.8055    1.6260
    1.8169    1.7780
    1.8283    1.9340
    1.8397    2.0930
    1.8511    2.2550
    1.8625    2.4200
    1.8739    2.5880
    1.8853    2.7570

    1.5773   17.5900
    1.5888   17.5870
    1.6002   17.5780
    1.6116   17.5640
    1.6230   17.5430
    1.6344   17.5180
    1.6458   17.4860
    1.6572   17.4500
    1.6686   17.4080
    1.6800   17.3600
    1.6914   17.3080
    1.7028   17.2510
    1.7142   17.1890
    1.7256   17.1230
    1.7371   17.0520
    1.7485   16.9780
    1.7599   16.8990
    1.7713   16.8160
    1.7827   16.7300
    1.7941   16.6410
    1.8055   16.5480
    1.8169   16.4530
    1.8283   16.3540
    1.8397   16.2540
    1.8511   16.1500
    1.8625   16.0450
    1.8739   15.9380
    1.8853   15.8300

