    5.9640    5.5510
    5.9751    5.5500
    5.9862    5.5450
    5.9973    5.5390
    6.0084    5.5290
    6.0195    5.5170
    6.0306    5.5020
    6.0418    5.4840
    6.0529    5.4650
    6.0640    5.4430
    6.0751    5.4180
    6.0862    5.3920
    6.0973    5.3640
    6.1084    5.3340
    6.1195    5.3020
    6.1306    5.2690
    6.1417    5.2340
    6.1528    5.1990
    6.1639    5.1620
    6.1750    5.1240
    6.1861    5.0860
    6.1972    5.0480
    6.2083    5.0080
    6.2194    4.9690
    6.2305    4.9300
    6.2416    4.8900
    6.2527    4.8510
    6.2638    4.8120
    6.2749    4.7740
    6.2860    4.7360
    6.2971    4.6990
    6.3082    4.6630
    6.3193    4.6280
    6.3304    4.5940
    6.3415    4.5610
    6.3526    4.5290
    6.3637    4.4990
    6.3748    4.4700
    6.3859    4.4430
    6.3970    4.4170
    6.4081    4.3930
    6.4192    4.3700
    6.4303    4.3490
    6.4415    4.3310
    6.4526    4.3140
    6.4637    4.2980
    6.4748    4.2850
    6.4859    4.2740
    6.4970    4.2650
    6.5081    4.2580
    6.5192    4.2530
    6.5303    4.2500
    6.5414    4.2490

    5.9640    5.5510
    5.9751    5.5500
    5.9862    5.5450
    5.9973    5.5390
    6.0084    5.5290
    6.0195    5.5170
    6.0306    5.5020
    6.0418    5.4840
    6.0529    5.4650
    6.0640    5.4430
    6.0751    5.4180
    6.0862    5.3920
    6.0973    5.3640
    6.1084    5.3340
    6.1195    5.3020
    6.1306    5.2690
    6.1417    5.2340
    6.1528    5.1990
    6.1639    5.1620
    6.1750    5.1240
    6.1861    5.0860
    6.1972    5.0480
    6.2083    5.0080
    6.2194    4.9690
    6.2305    4.9300
    6.2416    4.8900
    6.2527    4.8510
    6.2638    4.8120
    6.2749    4.7740
    6.2860    4.7360
    6.2971    4.6990
    6.3082    4.6630
    6.3193    4.6280
    6.3304    4.5940
    6.3415    4.5610
    6.3526    4.5290
    6.3637    4.4990
    6.3748    4.4700
    6.3859    4.4430
    6.3970    4.4170
    6.4081    4.3930
    6.4192    4.3700
    6.4303    4.3490
    6.4415    4.3310
    6.4526    4.3140
    6.4637    4.2980
    6.4748    4.2850
    6.4859    4.2740
    6.4970    4.2650
    6.5081    4.2580
    6.5192    4.2530
    6.5303    4.2500
    6.5414    4.2490

