    7.8494    1.7560
    7.8608    1.8120
    7.8722    1.8880
    7.8836    1.9640
    7.8950    2.0400
    7.9064    2.1170
    7.9178    2.1940
    7.9292    2.2710
    7.9406    2.3470
    7.9520    2.4230
    7.9634    2.4970
    7.9748    2.5700
    7.9863    2.6410
    7.9977    2.7100
    8.0091    2.7760
    8.0205    2.8390
    8.0319    2.8990
    8.0433    2.9560
    8.0547    3.0080
    8.0661    3.0560
    8.0775    3.0990
    8.0889    3.1370
    8.1003    3.1700
    8.1117    3.1970
    8.1231    3.2180
    8.1345    3.2340
    8.1460    3.2430
    8.1574    3.2460

    7.8494   17.6570
    7.8608   17.5500
    7.8722   17.4400
    7.8836   17.3260
    7.8950   17.2090
    7.9064   17.0890
    7.9178   16.9670
    7.9292   16.8440
    7.9406   16.7210
    7.9520   16.5970
    7.9634   16.4750
    7.9748   16.3540
    7.9863   16.2360
    7.9977   16.1210
    8.0091   16.0090
    8.0205   15.9030
    8.0319   15.8020
    8.0433   15.7070
    8.0547   15.6190
    8.0661   15.5380
    8.0775   15.4660
    8.0889   15.4020
    8.1003   15.3470
    8.1117   15.3010
    8.1231   15.2650
    8.1345   15.2390
    8.1460   15.2240
    8.1574   15.2180

