    6.8747    1.7380
    6.8858    1.6810
    6.8969    1.6210
    6.9080    1.5670
    6.9192    1.5170
    6.9303    1.4730
    6.9414    1.4340
    6.9525    1.4010
    6.9636    1.3730
    6.9747    1.3520
    6.9858    1.3360
    6.9969    1.3260
    7.0080    1.3220
    7.0192    1.3240
    7.0303    1.3310
    7.0414    1.3440
    7.0525    1.3620
    7.0636    1.3860
    7.0747    1.4140
    7.0858    1.4480
    7.0969    1.4860
    7.1080    1.5290
    7.1192    1.5750
    7.1303    1.6260
    7.1414    1.6790
    7.1525    1.7360
    7.1636    1.7950
    7.1747    1.8560
    7.1858    1.9190
    7.1969    1.9820
    7.2080    2.0460
    7.2191    2.1100
    7.2303    2.1730
    7.2414    2.2340
    7.2525    2.2940
    7.2636    2.3500
    7.2747    2.4030
    7.2858    2.4530
    7.2969    2.4980
    7.3080    2.5390
    7.3191    2.5760
    7.3303    2.6090
    7.3414    2.6370
    7.3525    2.6610
    7.3636    2.6810
    7.3747    2.6980
    7.3858    2.7120
    7.3969    2.7240
    7.4080    2.7330
    7.4191    2.7400
    7.4303    2.7450
    7.4414    2.7490
    7.4525    2.7520
    7.4636    2.7540
    7.4747    2.7550
    7.4858    2.7560
    7.4969    2.7570
    7.5080    2.7570
    7.5191    2.7570
    7.5303    2.7570
    7.5414    2.7570

    6.8747    1.7560
    6.8858    1.8160
    6.8969    1.8850
    6.9080    1.9560
    6.9192    2.0290
    6.9303    2.1020
    6.9414    2.1770
    6.9525    2.2530
    6.9636    2.3300
    6.9747    2.4080
    6.9858    2.4870
    6.9969    2.5660
    7.0080    2.6460
    7.0192    2.7260
    7.0303    2.8070
    7.0414    2.8880
    7.0525    2.9690
    7.0636    3.0490
    7.0747    3.1290
    7.0858    3.2090
    7.0969    3.2880
    7.1080    3.3660
    7.1192    3.4440
    7.1303    3.5190
    7.1414    3.5930
    7.1525    3.6660
    7.1636    3.7360
    7.1747    3.8040
    7.1858    3.8690
    7.1969    3.9310
    7.2080    3.9910
    7.2191    4.0480
    7.2303    4.1030
    7.2414    4.1560
    7.2525    4.2080
    7.2636    4.2590
    7.2747    4.3110
    7.2858    4.3650
    7.2969    4.4200
    7.3080    4.4780
    7.3191    4.5380
    7.3303    4.6000
    7.3414    4.6650
    7.3525    4.7330
    7.3636    4.8010
    7.3747    4.8710
    7.3858    4.9400
    7.3969    5.0100
    7.4080    5.0780
    7.4191    5.1440
    7.4303    5.2070
    7.4414    5.2670
    7.4525    5.3230
    7.4636    5.3730
    7.4747    5.4190
    7.4858    5.4580
    7.4969    5.4910
    7.5080    5.5170
    7.5191    5.5360
    7.5303    5.5470
    7.5414    5.5510

    6.8747    4.8300
    6.8858    4.8300
    6.8969    4.8280
    6.9080    4.8260
    6.9192    4.8230
    6.9303    4.8190
    6.9414    4.8130
    6.9525    4.8070
    6.9636    4.8010
    6.9747    4.7930
    6.9858    4.7840
    6.9969    4.7750
    7.0080    4.7650
    7.0192    4.7550
    7.0303    4.7440
    7.0414    4.7330
    7.0525    4.7210
    7.0636    4.7100
    7.0747    4.6980
    7.0858    4.6880
    7.0969    4.6770
    7.1080    4.6680
    7.1192    4.6600
    7.1303    4.6530
    7.1414    4.6490
    7.1525    4.6460
    7.1636    4.6470
    7.1747    4.6510
    7.1858    4.6580
    7.1969    4.6700
    7.2080    4.6860
    7.2191    4.7070
    7.2303    4.7320
    7.2414    4.7620
    7.2525    4.7950
    7.2636    4.8320
    7.2747    4.8720
    7.2858    4.9130
    7.2969    4.9560
    7.3080    5.0000
    7.3191    5.0440
    7.3303    5.0880
    7.3414    5.1300
    7.3525    5.1720
    7.3636    5.2120
    7.3747    5.2510
    7.3858    5.2880
    7.3969    5.3230
    7.4080    5.3560
    7.4191    5.3860
    7.4303    5.4140
    7.4414    5.4400
    7.4525    5.4630
    7.4636    5.4830
    7.4747    5.5010
    7.4858    5.5160
    7.4969    5.5290
    7.5080    5.5390
    7.5191    5.5450
    7.5303    5.5500
    7.5414    5.5510

    6.8747   17.6570
    6.8858   17.6290
    6.8969   17.5620
    6.9080   17.4780
    6.9192   17.3880
    6.9303   17.2980
    6.9414   17.2090
    6.9525   17.1220
    6.9636   17.0390
    6.9747   16.9590
    6.9858   16.8820
    6.9969   16.8100
    7.0080   16.7420
    7.0192   16.6780
    7.0303   16.6180
    7.0414   16.5620
    7.0525   16.5110
    7.0636   16.4630
    7.0747   16.4200
    7.0858   16.3800
    7.0969   16.3440
    7.1080   16.3120
    7.1192   16.2830
    7.1303   16.2580
    7.1414   16.2350
    7.1525   16.2160
    7.1636   16.2000
    7.1747   16.1860
    7.1858   16.1740
    7.1969   16.1640
    7.2080   16.1560
    7.2191   16.1490
    7.2303   16.1440
    7.2414   16.1390
    7.2525   16.1350
    7.2636   16.1310
    7.2747   16.1280
    7.2858   16.1230
    7.2969   16.1190
    7.3080   16.1130
    7.3191   16.1060
    7.3303   16.0980
    7.3414   16.0880
    7.3525   16.0770
    7.3636   16.0640
    7.3747   16.0490
    7.3858   16.0330
    7.3969   16.0160
    7.4080   15.9980
    7.4191   15.9780
    7.4303   15.9590
    7.4414   15.9390
    7.4525   15.9190
    7.4636   15.9010
    7.4747   15.8840
    7.4858   15.8680
    7.4969   15.8550
    7.5080   15.8440
    7.5191   15.8360
    7.5303   15.8310
    7.5414   15.8300

    6.8747   18.0850
    6.8858   18.1140
    6.8969   18.1840
    6.9080   18.2720
    6.9192   18.3680
    6.9303   18.4660
    6.9414   18.5650
    6.9525   18.6630
    6.9636   18.7590
    6.9747   18.8530
    6.9858   18.9440
    6.9969   19.0320
    7.0080   19.1160
    7.0192   19.1960
    7.0303   19.2720
    7.0414   19.3430
    7.0525   19.4090
    7.0636   19.4690
    7.0747   19.5230
    7.0858   19.5720
    7.0969   19.6150
    7.1080   19.6520
    7.1192   19.6830
    7.1303   19.7090
    7.1414   19.7290
    7.1525   19.7460
    7.1636   19.7580
    7.1747   19.7660
    7.1858   19.7710
    7.1969   19.7740
    7.2080   19.7750
    7.2191   19.7750
    7.2303   19.7740
    7.2414   19.7730
    7.2525   19.7730
    7.2636   19.7730
    7.2747   19.7750
    7.2858   19.7780
    7.2969   19.7840
    7.3080   19.7920
    7.3191   19.8020
    7.3303   19.8160
    7.3414   19.8330
    7.3525   19.8540
    7.3636   19.8780
    7.3747   19.9060
    7.3858   19.9380
    7.3969   19.9740
    7.4080   20.0130
    7.4191   20.0560
    7.4303   20.1020
    7.4414   20.1520
    7.4525   20.2040
    7.4636   20.2590
    7.4747   20.3160
    7.4858   20.3730
    7.4969   20.4290
    7.5080   20.4820
    7.5191   20.5290
    7.5303   20.5620
    7.5414   20.5740

