    4.0787   -0.0560
    4.0898   -0.0550
    4.1009   -0.0510
    4.1120   -0.0440
    4.1231   -0.0350
    4.1342   -0.0220
    4.1453   -0.0080
    4.1564    0.0100
    4.1675    0.0300
    4.1786    0.0530
    4.1897    0.0780
    4.2008    0.1060
    4.2119    0.1360
    4.2230    0.1690
    4.2341    0.2040
    4.2452    0.2410
    4.2563    0.2810
    4.2674    0.3230
    4.2785    0.3670
    4.2897    0.4130
    4.3008    0.4600
    4.3119    0.5100
    4.3230    0.5610
    4.3341    0.6130
    4.3452    0.6660
    4.3563    0.7190
    4.3674    0.7730
    4.3785    0.8250
    4.3896    0.8770
    4.4007    0.9250
    4.4118    0.9700
    4.4229    1.0080
    4.4340    1.0380
    4.4451    1.0570
    4.4562    1.0620
    4.4673    1.0530
    4.4784    1.0290
    4.4895    0.9930
    4.5006    0.9470
    4.5117    0.8970
    4.5228    0.8430
    4.5339    0.7890
    4.5450    0.7350
    4.5561    0.6850
    4.5672    0.6370
    4.5783    0.5940
    4.5894    0.5560
    4.6005    0.5230
    4.6116    0.4960
    4.6227    0.4740
    4.6338    0.4590
    4.6449    0.4500
    4.6560    0.4470

    4.0787    5.0890
    4.0898    5.0840
    4.1009    5.0700
    4.1120    5.0480
    4.1231    5.0160
    4.1342    4.9750
    4.1453    4.9260
    4.1564    4.8680
    4.1675    4.8030
    4.1786    4.7290
    4.1897    4.6480
    4.2008    4.5610
    4.2119    4.4660
    4.2230    4.3660
    4.2341    4.2600
    4.2452    4.1490
    4.2563    4.0330
    4.2674    3.9140
    4.2785    3.7920
    4.2897    3.6670
    4.3008    3.5410
    4.3119    3.4130
    4.3230    3.2850
    4.3341    3.1580
    4.3452    3.0310
    4.3563    2.9060
    4.3674    2.7840
    4.3785    2.6660
    4.3896    2.5530
    4.4007    2.4470
    4.4118    2.3480
    4.4229    2.2610
    4.4340    2.1860
    4.4451    2.1270
    4.4562    2.0870
    4.4673    2.0660
    4.4784    2.0650
    4.4895    2.0820
    4.5006    2.1120
    4.5117    2.1530
    4.5228    2.2000
    4.5339    2.2500
    4.5450    2.2900
    4.5561    2.2900
    4.5672    2.2540
    4.5783    2.2150
    4.5894    2.1780
    4.6005    2.1460
    4.6116    2.1200
    4.6227    2.0990
    4.6338    2.0840
    4.6449    2.0750
    4.6560    2.0720

    4.0787    6.0420
    4.0898    6.0370
    4.1009    6.0210
    4.1120    5.9950
    4.1231    5.9580
    4.1342    5.9130
    4.1453    5.8580
    4.1564    5.7950
    4.1675    5.7250
    4.1786    5.6470
    4.1897    5.5630
    4.2008    5.4730
    4.2119    5.3790
    4.2230    5.2800
    4.2341    5.1770
    4.2452    5.0710
    4.2563    4.9630
    4.2674    4.8520
    4.2785    4.7400
    4.2897    4.6260
    4.3008    4.5120
    4.3119    4.3970
    4.3230    4.2820
    4.3341    4.1670
    4.3452    4.0520
    4.3563    3.9380
    4.3674    3.8250
    4.3785    3.7130
    4.3896    3.6030
    4.4007    3.4950
    4.4118    3.3890
    4.4229    3.2860
    4.4340    3.1850
    4.4451    3.0870
    4.4562    2.9930
    4.4673    2.9020
    4.4784    2.8140
    4.4895    2.7310
    4.5006    2.6530
    4.5117    2.5790
    4.5228    2.5110
    4.5339    2.4510
    4.5450    2.4090
    4.5561    2.4150
    4.5672    2.4610
    4.5783    2.5150
    4.5894    2.5690
    4.6005    2.6200
    4.6116    2.6650
    4.6227    2.7030
    4.6338    2.7320
    4.6449    2.7500
    4.6560    2.7560

    4.0787    6.0840
    4.0898    6.0830
    4.1009    6.0810
    4.1120    6.0770
    4.1231    6.0710
    4.1342    6.0640
    4.1453    6.0550
    4.1564    6.0450
    4.1675    6.0330
    4.1786    6.0190
    4.1897    6.0030
    4.2008    5.9860
    4.2119    5.9670
    4.2230    5.9470
    4.2341    5.9250
    4.2452    5.9010
    4.2563    5.8750
    4.2674    5.8470
    4.2785    5.8180
    4.2897    5.7870
    4.3008    5.7540
    4.3119    5.7190
    4.3230    5.6820
    4.3341    5.6440
    4.3452    5.6030
    4.3563    5.5610
    4.3674    5.5160
    4.3785    5.4700
    4.3896    5.4220
    4.4007    5.3720
    4.4118    5.3200
    4.4229    5.2660
    4.4340    5.2100
    4.4451    5.1530
    4.4562    5.0940
    4.4673    5.0340
    4.4784    4.9720
    4.4895    4.9090
    4.5006    4.8450
    4.5117    4.7800
    4.5228    4.7150
    4.5339    4.6500
    4.5450    4.5860
    4.5561    4.5220
    4.5672    4.4600
    4.5783    4.4000
    4.5894    4.3440
    4.6005    4.2930
    4.6116    4.2480
    4.6227    4.2110
    4.6338    4.1830
    4.6449    4.1650
    4.6560    4.1590

    4.0787   13.5880
    4.0898   13.5930
    4.1009   13.6050
    4.1120   13.6250
    4.1231   13.6530
    4.1342   13.6890
    4.1453   13.7320
    4.1564   13.7810
    4.1675   13.8360
    4.1786   13.8960
    4.1897   13.9610
    4.2008   14.0310
    4.2119   14.1040
    4.2230   14.1800
    4.2341   14.2580
    4.2452   14.3380
    4.2563   14.4200
    4.2674   14.5020
    4.2785   14.5850
    4.2897   14.6680
    4.3008   14.7500
    4.3119   14.8310
    4.3230   14.9110
    4.3341   14.9880
    4.3452   15.0640
    4.3563   15.1370
    4.3674   15.2060
    4.3785   15.2730
    4.3896   15.3350
    4.4007   15.3940
    4.4118   15.4480
    4.4229   15.4980
    4.4340   15.5440
    4.4451   15.5850
    4.4562   15.6220
    4.4673   15.6540
    4.4784   15.6830
    4.4895   15.7080
    4.5006   15.7290
    4.5117   15.7470
    4.5228   15.7620
    4.5339   15.7750
    4.5450   15.7860
    4.5561   15.7950
    4.5672   15.8020
    4.5783   15.8090
    4.5894   15.8140
    4.6005   15.8180
    4.6116   15.8220
    4.6227   15.8250
    4.6338   15.8270
    4.6449   15.8290
    4.6560   15.8290

    4.0787   17.5900
    4.0898   17.5940
    4.1009   17.6060
    4.1120   17.6260
    4.1231   17.6540
    4.1342   17.6890
    4.1453   17.7310
    4.1564   17.7790
    4.1675   17.8330
    4.1786   17.8920
    4.1897   17.9560
    4.2008   18.0220
    4.2119   18.0900
    4.2230   18.1590
    4.2341   18.2270
    4.2452   18.2930
    4.2563   18.3550
    4.2674   18.4120
    4.2785   18.4630
    4.2897   18.5060
    4.3008   18.5390
    4.3119   18.5630
    4.3230   18.5740
    4.3341   18.5660
    4.3452   18.5280
    4.3563   18.4530
    4.3674   18.3520
    4.3785   18.2390
    4.3896   18.1190
    4.4007   17.9970
    4.4118   17.8740
    4.4229   17.7520
    4.4340   17.6320
    4.4451   17.5140
    4.4562   17.3980
    4.4673   17.2870
    4.4784   17.1790
    4.4895   17.0760
    4.5006   16.9770
    4.5117   16.8840
    4.5228   16.7960
    4.5339   16.7130
    4.5450   16.6370
    4.5561   16.5670
    4.5672   16.5040
    4.5783   16.4470
    4.5894   16.3970
    4.6005   16.3540
    4.6116   16.3180
    4.6227   16.2900
    4.6338   16.2700
    4.6449   16.2580
    4.6560   16.2540

    4.0787   20.3130
    4.0898   20.3130
    4.1009   20.3120
    4.1120   20.3100
    4.1231   20.3070
    4.1342   20.3010
    4.1453   20.2910
    4.1564   20.2740
    4.1675   20.2450
    4.1786   20.2010
    4.1897   20.1400
    4.2008   20.0670
    4.2119   19.9850
    4.2230   19.8970
    4.2341   19.8040
    4.2452   19.7070
    4.2563   19.6060
    4.2674   19.5020
    4.2785   19.3960
    4.2897   19.2880
    4.3008   19.1780
    4.3119   19.0680
    4.3230   18.9620
    4.3341   18.8660
    4.3452   18.7940
    4.3563   18.7520
    4.3674   18.7340
    4.3785   18.7270
    4.3896   18.7260
    4.4007   18.7290
    4.4118   18.7360
    4.4229   18.7470
    4.4340   18.7620
    4.4451   18.7800
    4.4562   18.8030
    4.4673   18.8300
    4.4784   18.8600
    4.4895   18.8930
    4.5006   18.9300
    4.5117   18.9690
    4.5228   19.0090
    4.5339   19.0510
    4.5450   19.0930
    4.5561   19.1340
    4.5672   19.1750
    4.5783   19.2130
    4.5894   19.2490
    4.6005   19.2800
    4.6116   19.3080
    4.6227   19.3300
    4.6338   19.3460
    4.6449   19.3560
    4.6560   19.3590

