    4.6560    0.4470
    4.6675    0.4470
    4.6790    0.4500
    4.6905    0.4540
    4.7020    0.4590
    4.7135    0.4660
    4.7250    0.4750
    4.7365    0.4840
    4.7480    0.4950
    4.7595    0.5070
    4.7710    0.5190
    4.7825    0.5320
    4.7940    0.5460
    4.8055    0.5590
    4.8170    0.5720
    4.8285    0.5840
    4.8399    0.5960
    4.8514    0.6060
    4.8629    0.6150
    4.8744    0.6220
    4.8859    0.6280
    4.8974    0.6310
    4.9089    0.6330
    4.9204    0.6320
    4.9319    0.6310
    4.9434    0.6280
    4.9549    0.6250
    4.9664    0.6220
    4.9779    0.6200
    4.9894    0.6190

    4.6560    2.7560
    4.6675    2.7550
    4.6790    2.7540
    4.6905    2.7520
    4.7020    2.7480
    4.7135    2.7430
    4.7250    2.7360
    4.7365    2.7260
    4.7480    2.7140
    4.7595    2.6980
    4.7710    2.6790
    4.7825    2.6570
    4.7940    2.6300
    4.8055    2.6010
    4.8170    2.5710
    4.8285    2.5390
    4.8399    2.5070
    4.8514    2.4770
    4.8629    2.4490
    4.8744    2.4240
    4.8859    2.4040
    4.8974    2.3890
    4.9089    2.3800
    4.9204    2.3770
    4.9319    2.3810
    4.9434    2.3910
    4.9549    2.4070
    4.9664    2.4290
    4.9779    2.4570
    4.9894    2.4900

    4.6560    3.4780
    4.6675    3.4760
    4.6790    3.4700
    4.6905    3.4590
    4.7020    3.4450
    4.7135    3.4280
    4.7250    3.4090
    4.7365    3.3900
    4.7480    3.3700
    4.7595    3.3520
    4.7710    3.3360
    4.7825    3.3240
    4.7940    3.3150
    4.8055    3.3110
    4.8170    3.3120
    4.8285    3.3170
    4.8399    3.3260
    4.8514    3.3390
    4.8629    3.3550
    4.8744    3.3750
    4.8859    3.3980
    4.8974    3.4230
    4.9089    3.4510
    4.9204    3.4820
    4.9319    3.5150
    4.9434    3.5500
    4.9549    3.5880
    4.9664    3.6270
    4.9779    3.6680
    4.9894    3.7110

    4.6560   16.2540
    4.6675   16.2610
    4.6790   16.2820
    4.6905   16.3170
    4.7020   16.3660
    4.7135   16.4280
    4.7250   16.5020
    4.7365   16.5880
    4.7480   16.6840
    4.7595   16.7910
    4.7710   16.9060
    4.7825   17.0300
    4.7940   17.1590
    4.8055   17.2930
    4.8170   17.4310
    4.8285   17.5710
    4.8399   17.7120
    4.8514   17.8510
    4.8629   17.9870
    4.8744   18.1180
    4.8859   18.2420
    4.8974   18.3580
    4.9089   18.4640
    4.9204   18.5580
    4.9319   18.6390
    4.9434   18.7060
    4.9549   18.7590
    4.9664   18.7960
    4.9779   18.8190
    4.9894   18.8260

    4.6560   21.0080
    4.6675   21.0080
    4.6790   21.0060
    4.6905   21.0020
    4.7020   20.9980
    4.7135   20.9920
    4.7250   20.9840
    4.7365   20.9760
    4.7480   20.9660
    4.7595   20.9550
    4.7710   20.9440
    4.7825   20.9310
    4.7940   20.9170
    4.8055   20.9020
    4.8170   20.8870
    4.8285   20.8710
    4.8399   20.8540
    4.8514   20.8370
    4.8629   20.8180
    4.8744   20.7990
    4.8859   20.7780
    4.8974   20.7550
    4.9089   20.7310
    4.9204   20.7030
    4.9319   20.6710
    4.9434   20.6340
    4.9549   20.5920
    4.9664   20.5450
    4.9779   20.4930
    4.9894   20.4370

