    3.4627    0.6630
    3.4741    0.7060
    3.4855    0.7510
    3.4969    0.7990
    3.5083    0.8510
    3.5197    0.9040
    3.5311    0.9600
    3.5426    1.0190
    3.5540    1.0800
    3.5654    1.1420
    3.5768    1.2060
    3.5882    1.2720
    3.5996    1.3390
    3.6110    1.4060
    3.6224    1.4740
    3.6338    1.5410
    3.6452    1.6080
    3.6566    1.6740
    3.6680    1.7370
    3.6794    1.7980
    3.6908    1.8550
    3.7023    1.9080
    3.7137    1.9550
    3.7251    1.9950
    3.7365    2.0280
    3.7479    2.0520
    3.7593    2.0670
    3.7707    2.0720

    3.4627    4.3920
    3.4741    4.4440
    3.4855    4.4910
    3.4969    4.5310
    3.5083    4.5650
    3.5197    4.5930
    3.5311    4.6140
    3.5426    4.6280
    3.5540    4.6350
    3.5654    4.6350
    3.5768    4.6290
    3.5882    4.6170
    3.5996    4.5990
    3.6110    4.5760
    3.6224    4.5480
    3.6338    4.5160
    3.6452    4.4800
    3.6566    4.4420
    3.6680    4.4020
    3.6794    4.3620
    3.6908    4.3230
    3.7023    4.2850
    3.7137    4.2500
    3.7251    4.2190
    3.7365    4.1940
    3.7479    4.1750
    3.7593    4.1630
    3.7707    4.1590

    3.4627   15.0760
    3.4741   15.0310
    3.4855   14.9930
    3.4969   14.9610
    3.5083   14.9370
    3.5197   14.9210
    3.5311   14.9130
    3.5426   14.9130
    3.5540   14.9220
    3.5654   14.9390
    3.5768   14.9650
    3.5882   14.9990
    3.5996   15.0400
    3.6110   15.0880
    3.6224   15.1430
    3.6338   15.2030
    3.6452   15.2670
    3.6566   15.3350
    3.6680   15.4050
    3.6794   15.4750
    3.6908   15.5440
    3.7023   15.6090
    3.7137   15.6700
    3.7251   15.7240
    3.7365   15.7680
    3.7479   15.8010
    3.7593   15.8220
    3.7707   15.8290

    3.4627   20.5980
    3.4741   20.6500
    3.4855   20.7050
    3.4969   20.7620
    3.5083   20.8190
    3.5197   20.8720
    3.5311   20.9190
    3.5426   20.9540
    3.5540   20.9710
    3.5654   20.9650
    3.5768   20.9310
    3.5882   20.8700
    3.5996   20.7850
    3.6110   20.6820
    3.6224   20.5650
    3.6338   20.4400
    3.6452   20.3110
    3.6566   20.1810
    3.6680   20.0520
    3.6794   19.9280
    3.6908   19.8100
    3.7023   19.7010
    3.7137   19.6030
    3.7251   19.5190
    3.7365   19.4510
    3.7479   19.4010
    3.7593   19.3700
    3.7707   19.3590

