    0.5774    2.0720
    0.5888    2.0730
    0.6003    2.0760
    0.6118    2.0810
    0.6233    2.0890
    0.6348    2.0980
    0.6463    2.1090
    0.6578    2.1230
    0.6693    2.1380
    0.6808    2.1550
    0.6923    2.1740
    0.7038    2.1950
    0.7153    2.2180
    0.7268    2.2420
    0.7383    2.2670
    0.7498    2.2940
    0.7613    2.3230
    0.7728    2.3520
    0.7842    2.3810
    0.7957    2.4110
    0.8072    2.4410
    0.8187    2.4690
    0.8302    2.4950
    0.8417    2.5190
    0.8532    2.5370
    0.8647    2.5480
    0.8762    2.5500
    0.8877    2.5410
    0.8992    2.5210
    0.9107    2.4900

    0.5774    4.1590
    0.5888    4.1580
    0.6003    4.1570
    0.6118    4.1530
    0.6233    4.1490
    0.6348    4.1430
    0.6463    4.1350
    0.6578    4.1250
    0.6693    4.1140
    0.6808    4.1000
    0.6923    4.0840
    0.7038    4.0640
    0.7153    4.0420
    0.7268    4.0140
    0.7383    3.9820
    0.7498    3.9440
    0.7613    3.9000
    0.7728    3.8480
    0.7842    3.7900
    0.7957    3.7270
    0.8072    3.6590
    0.8187    3.5900
    0.8302    3.5210
    0.8417    3.4540
    0.8532    3.3930
    0.8647    3.3400
    0.8762    3.2980
    0.8877    3.2680
    0.8992    3.2510
    0.9107    3.2460

    0.5774    5.1650
    0.5888    5.1610
    0.6003    5.1480
    0.6118    5.1270
    0.6233    5.0980
    0.6348    5.0620
    0.6463    5.0180
    0.6578    4.9680
    0.6693    4.9110
    0.6808    4.8500
    0.6923    4.7840
    0.7038    4.7150
    0.7153    4.6430
    0.7268    4.5700
    0.7383    4.4980
    0.7498    4.4270
    0.7613    4.3590
    0.7728    4.2950
    0.7842    4.2360
    0.7957    4.1810
    0.8072    4.1290
    0.8187    4.0810
    0.8302    4.0340
    0.8417    3.9870
    0.8532    3.9410
    0.8647    3.8950
    0.8762    3.8490
    0.8877    3.8030
    0.8992    3.7560
    0.9107    3.7110

    0.5774   15.8290
    0.5888   15.8290
    0.6003   15.8310
    0.6118   15.8320
    0.6233   15.8330
    0.6348   15.8340
    0.6463   15.8320
    0.6578   15.8290
    0.6693   15.8220
    0.6808   15.8110
    0.6923   15.7950
    0.7038   15.7750
    0.7153   15.7500
    0.7268   15.7210
    0.7383   15.6870
    0.7498   15.6490
    0.7613   15.6090
    0.7728   15.5670
    0.7842   15.5230
    0.7957   15.4800
    0.8072   15.4380
    0.8187   15.3970
    0.8302   15.3590
    0.8417   15.3240
    0.8532   15.2930
    0.8647   15.2670
    0.8762   15.2460
    0.8877   15.2310
    0.8992   15.2220
    0.9107   15.2180

    0.5774   19.3590
    0.5888   19.3560
    0.6003   19.3470
    0.6118   19.3320
    0.6233   19.3150
    0.6348   19.2960
    0.6463   19.2780
    0.6578   19.2640
    0.6693   19.2550
    0.6808   19.2520
    0.6923   19.2580
    0.7038   19.2730
    0.7153   19.2980
    0.7268   19.3320
    0.7383   19.3750
    0.7498   19.4270
    0.7613   19.4870
    0.7728   19.5530
    0.7842   19.6240
    0.7957   19.7000
    0.8072   19.7780
    0.8187   19.8580
    0.8302   19.9380
    0.8417   20.0180
    0.8532   20.0960
    0.8647   20.1710
    0.8762   20.2430
    0.8877   20.3120
    0.8992   20.3760
    0.9107   20.4370

