    3.7707    1.7560
    3.7821    1.8120
    3.7935    1.8880
    3.8049    1.9640
    3.8163    2.0400
    3.8277    2.1170
    3.8391    2.1940
    3.8506    2.2710
    3.8620    2.3470
    3.8734    2.4230
    3.8848    2.4970
    3.8962    2.5700
    3.9076    2.6410
    3.9190    2.7100
    3.9304    2.7760
    3.9418    2.8390
    3.9532    2.8990
    3.9646    2.9560
    3.9760    3.0080
    3.9874    3.0560
    3.9988    3.0990
    4.0103    3.1370
    4.0217    3.1700
    4.0331    3.1970
    4.0445    3.2180
    4.0559    3.2340
    4.0673    3.2430
    4.0787    3.2460

    3.7707   17.6570
    3.7821   17.5500
    3.7935   17.4400
    3.8049   17.3260
    3.8163   17.2090
    3.8277   17.0890
    3.8391   16.9670
    3.8506   16.8440
    3.8620   16.7210
    3.8734   16.5970
    3.8848   16.4750
    3.8962   16.3540
    3.9076   16.2360
    3.9190   16.1210
    3.9304   16.0090
    3.9418   15.9030
    3.9532   15.8020
    3.9646   15.7070
    3.9760   15.6190
    3.9874   15.5380
    3.9988   15.4660
    4.0103   15.4020
    4.0217   15.3470
    4.0331   15.3010
    4.0445   15.2650
    4.0559   15.2390
    4.0673   15.2240
    4.0787   15.2180

