    0.9107    2.4900
    0.9218    2.4520
    0.9329    2.4080
    0.9440    2.3600
    0.9551    2.3100
    0.9662    2.2600
    0.9774    2.2100
    0.9885    2.1610
    0.9996    2.1140
    1.0107    2.0690
    1.0218    2.0250
    1.0329    1.9840
    1.0440    1.9440
    1.0551    1.9060
    1.0662    1.8680
    1.0773    1.8300
    1.0885    1.7920
    1.0996    1.7530
    1.1107    1.7110
    1.1218    1.6680
    1.1329    1.6210
    1.1440    1.5720
    1.1551    1.5200
    1.1662    1.4650
    1.1774    1.4080
    1.1885    1.3480
    1.1996    1.2880
    1.2107    1.2260
    1.2218    1.1640
    1.2329    1.1010
    1.2440    1.0380
    1.2551    0.9760
    1.2662    0.9140
    1.2773    0.8530
    1.2885    0.7930
    1.2996    0.7350
    1.3107    0.6770
    1.3218    0.6210
    1.3329    0.5670
    1.3440    0.5140
    1.3551    0.4640
    1.3662    0.4150
    1.3773    0.3690
    1.3885    0.3240
    1.3996    0.2820
    1.4107    0.2420
    1.4218    0.2040
    1.4329    0.1690
    1.4440    0.1360
    1.4551    0.1060
    1.4662    0.0780
    1.4773    0.0530
    1.4885    0.0300
    1.4996    0.0100
    1.5107   -0.0080
    1.5218   -0.0220
    1.5329   -0.0350
    1.5440   -0.0440
    1.5551   -0.0510
    1.5662   -0.0550
    1.5773   -0.0560

    0.9107    3.2460
    0.9218    3.2500
    0.9329    3.2560
    0.9440    3.2610
    0.9551    3.2560
    0.9662    3.2390
    0.9774    3.2080
    0.9885    3.1670
    0.9996    3.1200
    1.0107    3.0690
    1.0218    3.0160
    1.0329    2.9630
    1.0440    2.9100
    1.0551    2.8590
    1.0662    2.8120
    1.0773    2.7680
    1.0885    2.7290
    1.0996    2.6960
    1.1107    2.6700
    1.1218    2.6520
    1.1329    2.6420
    1.1440    2.6400
    1.1551    2.6470
    1.1662    2.6630
    1.1774    2.6860
    1.1885    2.7170
    1.1996    2.7550
    1.2107    2.8000
    1.2218    2.8510
    1.2329    2.9080
    1.2440    2.9710
    1.2551    3.0380
    1.2662    3.1100
    1.2773    3.1860
    1.2885    3.2660
    1.2996    3.3490
    1.3107    3.4340
    1.3218    3.5230
    1.3329    3.6130
    1.3440    3.7040
    1.3551    3.7970
    1.3662    3.8910
    1.3773    3.9840
    1.3885    4.0780
    1.3996    4.1700
    1.4107    4.2610
    1.4218    4.3510
    1.4329    4.4380
    1.4440    4.5220
    1.4551    4.6020
    1.4662    4.6780
    1.4773    4.7500
    1.4885    4.8160
    1.4996    4.8770
    1.5107    4.9310
    1.5218    4.9780
    1.5329    5.0170
    1.5440    5.0480
    1.5551    5.0700
    1.5662    5.0840
    1.5773    5.0890

    0.9107    3.7110
    0.9218    3.6700
    0.9329    3.6350
    0.9440    3.6080
    0.9551    3.5950
    0.9662    3.5990
    0.9774    3.6200
    0.9885    3.6530
    0.9996    3.6960
    1.0107    3.7450
    1.0218    3.7980
    1.0329    3.8550
    1.0440    3.9140
    1.0551    3.9760
    1.0662    4.0390
    1.0773    4.1030
    1.0885    4.1680
    1.0996    4.2340
    1.1107    4.3000
    1.1218    4.3670
    1.1329    4.4350
    1.1440    4.5020
    1.1551    4.5690
    1.1662    4.6360
    1.1774    4.7030
    1.1885    4.7690
    1.1996    4.8350
    1.2107    4.9000
    1.2218    4.9650
    1.2329    5.0280
    1.2440    5.0900
    1.2551    5.1520
    1.2662    5.2120
    1.2773    5.2700
    1.2885    5.3270
    1.2996    5.3830
    1.3107    5.4360
    1.3218    5.4880
    1.3329    5.5380
    1.3440    5.5860
    1.3551    5.6320
    1.3662    5.6760
    1.3773    5.7170
    1.3885    5.7560
    1.3996    5.7930
    1.4107    5.8270
    1.4218    5.8580
    1.4329    5.8870
    1.4440    5.9130
    1.4551    5.9360
    1.4662    5.9570
    1.4773    5.9750
    1.4885    5.9910
    1.4996    6.0040
    1.5107    6.0150
    1.5218    6.0240
    1.5329    6.0310
    1.5440    6.0360
    1.5551    6.0390
    1.5662    6.0410
    1.5773    6.0420

    0.9107   15.2180
    0.9218   15.2210
    0.9329   15.2310
    0.9440   15.2460
    0.9551   15.2680
    0.9662   15.2970
    0.9774   15.3320
    0.9885   15.3730
    0.9996   15.4200
    1.0107   15.4740
    1.0218   15.5340
    1.0329   15.6000
    1.0440   15.6710
    1.0551   15.7480
    1.0662   15.8300
    1.0773   15.9170
    1.0885   16.0090
    1.0996   16.1060
    1.1107   16.2070
    1.1218   16.3110
    1.1329   16.4200
    1.1440   16.5320
    1.1551   16.6470
    1.1662   16.7640
    1.1774   16.8840
    1.1885   17.0060
    1.1996   17.1300
    1.2107   17.2550
    1.2218   17.3810
    1.2329   17.5080
    1.2440   17.6340
    1.2551   17.7600
    1.2662   17.8850
    1.2773   18.0080
    1.2885   18.1280
    1.2996   18.2430
    1.3107   18.3500
    1.3218   18.4460
    1.3329   18.5230
    1.3440   18.5730
    1.3551   18.5890
    1.3662   18.5720
    1.3773   18.5280
    1.3885   18.4690
    1.3996   18.4000
    1.4107   18.3260
    1.4218   18.2500
    1.4329   18.1750
    1.4440   18.1000
    1.4551   18.0280
    1.4662   17.9600
    1.4773   17.8950
    1.4885   17.8350
    1.4996   17.7800
    1.5107   17.7310
    1.5218   17.6890
    1.5329   17.6540
    1.5440   17.6260
    1.5551   17.6060
    1.5662   17.5940
    1.5773   17.5900

    0.9107   20.4370
    0.9218   20.4910
    0.9329   20.5420
    0.9440   20.5880
    0.9551   20.6320
    0.9662   20.6710
    0.9774   20.7080
    0.9885   20.7420
    0.9996   20.7730
    1.0107   20.8020
    1.0218   20.8280
    1.0329   20.8520
    1.0440   20.8730
    1.0551   20.8920
    1.0662   20.9060
    1.0773   20.9160
    1.0885   20.9210
    1.0996   20.9180
    1.1107   20.9060
    1.1218   20.8830
    1.1329   20.8480
    1.1440   20.8000
    1.1551   20.7390
    1.1662   20.6670
    1.1774   20.5860
    1.1885   20.4980
    1.1996   20.4040
    1.2107   20.3070
    1.2218   20.2070
    1.2329   20.1060
    1.2440   20.0050
    1.2551   19.9040
    1.2662   19.8050
    1.2773   19.7080
    1.2885   19.6150
    1.2996   19.5270
    1.3107   19.4460
    1.3218   19.3770
    1.3329   19.3260
    1.3440   19.3030
    1.3551   19.3130
    1.3662   19.3570
    1.3773   19.4260
    1.3885   19.5110
    1.3996   19.6040
    1.4107   19.7020
    1.4218   19.8010
    1.4329   19.9000
    1.4440   19.9960
    1.4551   20.0890
    1.4662   20.1760
    1.4773   20.2560
    1.4885   20.3240
    1.4996   20.3700
    1.5107   20.3830
    1.5218   20.3720
    1.5329   20.3540
    1.5440   20.3370
    1.5551   20.3240
    1.5662   20.3160
    1.5773   20.3130

