    7.5414    4.2490
    7.5528    4.2970
    7.5642    4.3460
    7.5756    4.3950
    7.5870    4.4450
    7.5984    4.4940
    7.6098    4.5420
    7.6212    4.5900
    7.6326    4.6380
    7.6440    4.6840
    7.6554    4.7300
    7.6669    4.7740
    7.6783    4.8170
    7.6897    4.8580
    7.7011    4.8970
    7.7125    4.9340
    7.7239    4.9690
    7.7353    5.0010
    7.7467    5.0310
    7.7581    5.0590
    7.7695    5.0830
    7.7809    5.1040
    7.7923    5.1230
    7.8037    5.1380
    7.8151    5.1500
    7.8266    5.1580
    7.8380    5.1630
    7.8494    5.1650

