    3.7707    1.7560
    3.7821    1.7570
    3.7935    1.7620
    3.8049    1.7710
    3.8163    1.7820
    3.8277    1.7970
    3.8391    1.8140
    3.8506    1.8350
    3.8620    1.8590
    3.8734    1.8860
    3.8848    1.9150
    3.8962    1.9470
    3.9076    1.9820
    3.9190    2.0190
    3.9304    2.0580
    3.9418    2.0980
    3.9532    2.1400
    3.9646    2.1830
    3.9760    2.2260
    3.9874    2.2690
    3.9988    2.3120
    4.0103    2.3520
    4.0217    2.3890
    4.0331    2.4230
    4.0445    2.4510
    4.0559    2.4720
    4.0673    2.4850
    4.0787    2.4900

    3.7707    1.7380
    3.7821    1.7570
    3.7935    1.7620
    3.8049    1.7710
    3.8163    1.7820
    3.8277    1.7970
    3.8391    1.8140
    3.8506    1.8350
    3.8620    1.8590
    3.8734    1.8860
    3.8848    1.9150
    3.8962    1.9470
    3.9076    1.9820
    3.9190    2.0190
    3.9304    2.0580
    3.9418    2.0980
    3.9532    2.1400
    3.9646    2.1830
    3.9760    2.2260
    3.9874    2.2690
    3.9988    2.3120
    4.0103    2.3520
    4.0217    2.3890
    4.0331    2.4230
    4.0445    2.4510
    4.0559    2.4720
    4.0673    2.4850
    4.0787    2.4900

    3.7707    4.8300
    3.7821    4.8270
    3.7935    4.8180
    3.8049    4.8030
    3.8163    4.7820
    3.8277    4.7560
    3.8391    4.7240
    3.8506    4.6870
    3.8620    4.6450
    3.8734    4.5990
    3.8848    4.5490
    3.8962    4.4950
    3.9076    4.4390
    3.9190    4.3790
    3.9304    4.3180
    3.9418    4.2560
    3.9532    4.1920
    3.9646    4.1290
    3.9760    4.0660
    3.9874    4.0050
    3.9988    3.9470
    4.0103    3.8920
    4.0217    3.8420
    4.0331    3.7980
    4.0445    3.7610
    4.0559    3.7340
    4.0673    3.7170
    4.0787    3.7110

    3.7707    4.8300
    3.7821    4.8270
    3.7935    4.8180
    3.8049    4.8030
    3.8163    4.7820
    3.8277    4.7560
    3.8391    4.7240
    3.8506    4.6870
    3.8620    4.6450
    3.8734    4.5990
    3.8848    4.5490
    3.8962    4.4950
    3.9076    4.4390
    3.9190    4.3790
    3.9304    4.3180
    3.9418    4.2560
    3.9532    4.1920
    3.9646    4.1290
    3.9760    4.0660
    3.9874    4.0050
    3.9988    3.9470
    4.0103    3.8920
    4.0217    3.8420
    4.0331    3.7980
    4.0445    3.7610
    4.0559    3.7340
    4.0673    3.7170
    4.0787    3.7110

    3.7707   18.0850
    3.7821   18.0910
    3.7935   18.1080
    3.8049   18.1370
    3.8163   18.1760
    3.8277   18.2270
    3.8391   18.2880
    3.8506   18.3590
    3.8620   18.4400
    3.8734   18.5300
    3.8848   18.6290
    3.8962   18.7350
    3.9076   18.8480
    3.9190   18.9680
    3.9304   19.0930
    3.9418   19.2220
    3.9532   19.3540
    3.9646   19.4880
    3.9760   19.6230
    3.9874   19.7560
    3.9988   19.8860
    4.0103   20.0100
    4.0217   20.1250
    4.0331   20.2280
    4.0445   20.3150
    4.0559   20.3810
    4.0673   20.4230
    4.0787   20.4370

    3.7707   18.0850
    3.7821   18.0910
    3.7935   18.1080
    3.8049   18.1370
    3.8163   18.1760
    3.8277   18.2270
    3.8391   18.2880
    3.8506   18.3590
    3.8620   18.4400
    3.8734   18.5300
    3.8848   18.6290
    3.8962   18.7350
    3.9076   18.8480
    3.9190   18.9680
    3.9304   19.0930
    3.9418   19.2220
    3.9532   19.3540
    3.9646   19.4880
    3.9760   19.6230
    3.9874   19.7560
    3.9988   19.8860
    4.0103   20.0100
    4.0217   20.1250
    4.0331   20.2280
    4.0445   20.3150
    4.0559   20.3810
    4.0673   20.4230
    4.0787   20.4370

