    2.7960    1.7380
    2.8071    1.6810
    2.8183    1.6210
    2.8294    1.5670
    2.8405    1.5170
    2.8516    1.4730
    2.8627    1.4340
    2.8738    1.4010
    2.8849    1.3730
    2.8960    1.3520
    2.9071    1.3360
    2.9183    1.3260
    2.9294    1.3220
    2.9405    1.3240
    2.9516    1.3310
    2.9627    1.3440
    2.9738    1.3620
    2.9849    1.3860
    2.9960    1.4140
    3.0071    1.4480
    3.0183    1.4860
    3.0294    1.5290
    3.0405    1.5750
    3.0516    1.6260
    3.0627    1.6790
    3.0738    1.7360
    3.0849    1.7950
    3.0960    1.8560
    3.1071    1.9190
    3.1183    1.9820
    3.1294    2.0460
    3.1405    2.1100
    3.1516    2.1730
    3.1627    2.2340
    3.1738    2.2940
    3.1849    2.3500
    3.1960    2.4030
    3.2071    2.4530
    3.2183    2.4980
    3.2294    2.5390
    3.2405    2.5760
    3.2516    2.6090
    3.2627    2.6370
    3.2738    2.6610
    3.2849    2.6810
    3.2960    2.6980
    3.3071    2.7120
    3.3183    2.7240
    3.3294    2.7330
    3.3405    2.7400
    3.3516    2.7450
    3.3627    2.7490
    3.3738    2.7520
    3.3849    2.7540
    3.3960    2.7550
    3.4071    2.7560
    3.4183    2.7570
    3.4294    2.7570
    3.4405    2.7570
    3.4516    2.7570
    3.4627    2.7570

    2.7960    1.7560
    2.8071    1.8160
    2.8183    1.8850
    2.8294    1.9560
    2.8405    2.0290
    2.8516    2.1020
    2.8627    2.1770
    2.8738    2.2530
    2.8849    2.3300
    2.8960    2.4080
    2.9071    2.4870
    2.9183    2.5660
    2.9294    2.6460
    2.9405    2.7260
    2.9516    2.8070
    2.9627    2.8880
    2.9738    2.9690
    2.9849    3.0490
    2.9960    3.1290
    3.0071    3.2090
    3.0183    3.2880
    3.0294    3.3660
    3.0405    3.4440
    3.0516    3.5190
    3.0627    3.5930
    3.0738    3.6660
    3.0849    3.7360
    3.0960    3.8040
    3.1071    3.8690
    3.1183    3.9310
    3.1294    3.9910
    3.1405    4.0480
    3.1516    4.1030
    3.1627    4.1560
    3.1738    4.2080
    3.1849    4.2590
    3.1960    4.3110
    3.2071    4.3650
    3.2183    4.4200
    3.2294    4.4780
    3.2405    4.5380
    3.2516    4.6000
    3.2627    4.6650
    3.2738    4.7330
    3.2849    4.8010
    3.2960    4.8710
    3.3071    4.9400
    3.3183    5.0100
    3.3294    5.0780
    3.3405    5.1440
    3.3516    5.2070
    3.3627    5.2670
    3.3738    5.3230
    3.3849    5.3730
    3.3960    5.4190
    3.4071    5.4580
    3.4183    5.4910
    3.4294    5.5170
    3.4405    5.5360
    3.4516    5.5470
    3.4627    5.5510

    2.7960    4.8300
    2.8071    4.8300
    2.8183    4.8280
    2.8294    4.8260
    2.8405    4.8230
    2.8516    4.8190
    2.8627    4.8130
    2.8738    4.8070
    2.8849    4.8010
    2.8960    4.7930
    2.9071    4.7840
    2.9183    4.7750
    2.9294    4.7650
    2.9405    4.7550
    2.9516    4.7440
    2.9627    4.7330
    2.9738    4.7210
    2.9849    4.7100
    2.9960    4.6980
    3.0071    4.6880
    3.0183    4.6770
    3.0294    4.6680
    3.0405    4.6600
    3.0516    4.6530
    3.0627    4.6490
    3.0738    4.6460
    3.0849    4.6470
    3.0960    4.6510
    3.1071    4.6580
    3.1183    4.6700
    3.1294    4.6860
    3.1405    4.7070
    3.1516    4.7320
    3.1627    4.7620
    3.1738    4.7950
    3.1849    4.8320
    3.1960    4.8720
    3.2071    4.9130
    3.2183    4.9560
    3.2294    5.0000
    3.2405    5.0440
    3.2516    5.0880
    3.2627    5.1300
    3.2738    5.1720
    3.2849    5.2120
    3.2960    5.2510
    3.3071    5.2880
    3.3183    5.3230
    3.3294    5.3560
    3.3405    5.3860
    3.3516    5.4140
    3.3627    5.4400
    3.3738    5.4630
    3.3849    5.4830
    3.3960    5.5010
    3.4071    5.5160
    3.4183    5.5290
    3.4294    5.5390
    3.4405    5.5450
    3.4516    5.5500
    3.4627    5.5510

    2.7960   17.6570
    2.8071   17.6290
    2.8183   17.5620
    2.8294   17.4780
    2.8405   17.3880
    2.8516   17.2980
    2.8627   17.2090
    2.8738   17.1220
    2.8849   17.0390
    2.8960   16.9590
    2.9071   16.8820
    2.9183   16.8100
    2.9294   16.7420
    2.9405   16.6780
    2.9516   16.6180
    2.9627   16.5620
    2.9738   16.5110
    2.9849   16.4630
    2.9960   16.4200
    3.0071   16.3800
    3.0183   16.3440
    3.0294   16.3120
    3.0405   16.2830
    3.0516   16.2580
    3.0627   16.2350
    3.0738   16.2160
    3.0849   16.2000
    3.0960   16.1860
    3.1071   16.1740
    3.1183   16.1640
    3.1294   16.1560
    3.1405   16.1490
    3.1516   16.1440
    3.1627   16.1390
    3.1738   16.1350
    3.1849   16.1310
    3.1960   16.1280
    3.2071   16.1230
    3.2183   16.1190
    3.2294   16.1130
    3.2405   16.1060
    3.2516   16.0980
    3.2627   16.0880
    3.2738   16.0770
    3.2849   16.0640
    3.2960   16.0490
    3.3071   16.0330
    3.3183   16.0160
    3.3294   15.9980
    3.3405   15.9780
    3.3516   15.9590
    3.3627   15.9390
    3.3738   15.9190
    3.3849   15.9010
    3.3960   15.8840
    3.4071   15.8680
    3.4183   15.8550
    3.4294   15.8440
    3.4405   15.8360
    3.4516   15.8310
    3.4627   15.8300

    2.7960   18.0850
    2.8071   18.1140
    2.8183   18.1840
    2.8294   18.2720
    2.8405   18.3680
    2.8516   18.4660
    2.8627   18.5650
    2.8738   18.6630
    2.8849   18.7590
    2.8960   18.8530
    2.9071   18.9440
    2.9183   19.0320
    2.9294   19.1160
    2.9405   19.1960
    2.9516   19.2720
    2.9627   19.3430
    2.9738   19.4090
    2.9849   19.4690
    2.9960   19.5230
    3.0071   19.5720
    3.0183   19.6150
    3.0294   19.6520
    3.0405   19.6830
    3.0516   19.7090
    3.0627   19.7290
    3.0738   19.7460
    3.0849   19.7580
    3.0960   19.7660
    3.1071   19.7710
    3.1183   19.7740
    3.1294   19.7750
    3.1405   19.7750
    3.1516   19.7740
    3.1627   19.7730
    3.1738   19.7730
    3.1849   19.7730
    3.1960   19.7750
    3.2071   19.7780
    3.2183   19.7840
    3.2294   19.7920
    3.2405   19.8020
    3.2516   19.8160
    3.2627   19.8330
    3.2738   19.8540
    3.2849   19.8780
    3.2960   19.9060
    3.3071   19.9380
    3.3183   19.9740
    3.3294   20.0130
    3.3405   20.0560
    3.3516   20.1020
    3.3627   20.1520
    3.3738   20.2040
    3.3849   20.2590
    3.3960   20.3160
    3.4071   20.3730
    3.4183   20.4290
    3.4294   20.4820
    3.4405   20.5290
    3.4516   20.5620
    3.4627   20.5740

