    2.4627    0.6630
    2.4742    0.6650
    2.4857    0.6690
    2.4972    0.6760
    2.5087    0.6850
    2.5202    0.6980
    2.5317    0.7130
    2.5432    0.7300
    2.5547    0.7510
    2.5661    0.7740
    2.5776    0.7990
    2.5891    0.8280
    2.6006    0.8590
    2.6121    0.8920
    2.6236    0.9280
    2.6351    0.9670
    2.6466    1.0080
    2.6581    1.0510
    2.6696    1.0970
    2.6811    1.1460
    2.6926    1.1960
    2.7041    1.2490
    2.7156    1.3040
    2.7271    1.3610
    2.7386    1.4210
    2.7501    1.4820
    2.7616    1.5450
    2.7730    1.6110
    2.7845    1.6770
    2.7960    1.7380

    2.4627    4.2490
    2.4742    4.2300
    2.4857    4.1850
    2.4972    4.1290
    2.5087    4.0640
    2.5202    3.9930
    2.5317    3.9170
    2.5432    3.8360
    2.5547    3.7510
    2.5661    3.6610
    2.5776    3.5680
    2.5891    3.4710
    2.6006    3.3720
    2.6121    3.2710
    2.6236    3.1670
    2.6351    3.0630
    2.6466    2.9580
    2.6581    2.8530
    2.6696    2.7480
    2.6811    2.6440
    2.6926    2.5410
    2.7041    2.4400
    2.7156    2.3420
    2.7271    2.2460
    2.7386    2.1530
    2.7501    2.0630
    2.7616    1.9780
    2.7730    1.8960
    2.7845    1.8200
    2.7960    1.7560

    2.4627    4.3920
    2.4742    4.4060
    2.4857    4.4370
    2.4972    4.4710
    2.5087    4.5050
    2.5202    4.5370
    2.5317    4.5660
    2.5432    4.5930
    2.5547    4.6170
    2.5661    4.6390
    2.5776    4.6600
    2.5891    4.6790
    2.6006    4.6960
    2.6121    4.7120
    2.6236    4.7270
    2.6351    4.7400
    2.6466    4.7530
    2.6581    4.7640
    2.6696    4.7740
    2.6811    4.7840
    2.6926    4.7920
    2.7041    4.8000
    2.7156    4.8070
    2.7271    4.8130
    2.7386    4.8180
    2.7501    4.8230
    2.7616    4.8260
    2.7730    4.8280
    2.7845    4.8300
    2.7960    4.8300

    2.4627   15.0760
    2.4742   15.0820
    2.4857   15.0990
    2.4972   15.1260
    2.5087   15.1650
    2.5202   15.2140
    2.5317   15.2720
    2.5432   15.3400
    2.5547   15.4160
    2.5661   15.5000
    2.5776   15.5920
    2.5891   15.6890
    2.6006   15.7930
    2.6121   15.9010
    2.6236   16.0130
    2.6351   16.1290
    2.6466   16.2470
    2.6581   16.3680
    2.6696   16.4900
    2.6811   16.6130
    2.6926   16.7360
    2.7041   16.8600
    2.7156   16.9820
    2.7271   17.1040
    2.7386   17.2230
    2.7501   17.3390
    2.7616   17.4490
    2.7730   17.5490
    2.7845   17.6260
    2.7960   17.6570

    2.4627   20.5980
    2.4742   20.5950
    2.4857   20.5870
    2.4972   20.5710
    2.5087   20.5490
    2.5202   20.5190
    2.5317   20.4800
    2.5432   20.4310
    2.5547   20.3730
    2.5661   20.3040
    2.5776   20.2250
    2.5891   20.1360
    2.6006   20.0390
    2.6121   19.9330
    2.6236   19.8200
    2.6351   19.7020
    2.6466   19.5780
    2.6581   19.4510
    2.6696   19.3220
    2.6811   19.1900
    2.6926   19.0580
    2.7041   18.9260
    2.7156   18.7950
    2.7271   18.6650
    2.7386   18.5380
    2.7501   18.4160
    2.7616   18.3000
    2.7730   18.1960
    2.7845   18.1170
    2.7960   18.0850

