    7.5414    0.6630
    7.5528    0.7060
    7.5642    0.7510
    7.5756    0.7990
    7.5870    0.8510
    7.5984    0.9040
    7.6098    0.9600
    7.6212    1.0190
    7.6326    1.0800
    7.6440    1.1420
    7.6554    1.2060
    7.6669    1.2720
    7.6783    1.3390
    7.6897    1.4060
    7.7011    1.4740
    7.7125    1.5410
    7.7239    1.6080
    7.7353    1.6740
    7.7467    1.7370
    7.7581    1.7980
    7.7695    1.8550
    7.7809    1.9080
    7.7923    1.9550
    7.8037    1.9950
    7.8151    2.0280
    7.8266    2.0520
    7.8380    2.0670
    7.8494    2.0720

    7.5414    4.3920
    7.5528    4.4440
    7.5642    4.4910
    7.5756    4.5310
    7.5870    4.5650
    7.5984    4.5930
    7.6098    4.6140
    7.6212    4.6280
    7.6326    4.6350
    7.6440    4.6350
    7.6554    4.6290
    7.6669    4.6170
    7.6783    4.5990
    7.6897    4.5760
    7.7011    4.5480
    7.7125    4.5160
    7.7239    4.4800
    7.7353    4.4420
    7.7467    4.4020
    7.7581    4.3620
    7.7695    4.3230
    7.7809    4.2850
    7.7923    4.2500
    7.8037    4.2190
    7.8151    4.1940
    7.8266    4.1750
    7.8380    4.1630
    7.8494    4.1590

    7.5414   15.0760
    7.5528   15.0310
    7.5642   14.9930
    7.5756   14.9610
    7.5870   14.9370
    7.5984   14.9210
    7.6098   14.9130
    7.6212   14.9130
    7.6326   14.9220
    7.6440   14.9390
    7.6554   14.9650
    7.6669   14.9990
    7.6783   15.0400
    7.6897   15.0880
    7.7011   15.1430
    7.7125   15.2030
    7.7239   15.2670
    7.7353   15.3350
    7.7467   15.4050
    7.7581   15.4750
    7.7695   15.5440
    7.7809   15.6090
    7.7923   15.6700
    7.8037   15.7240
    7.8151   15.7680
    7.8266   15.8010
    7.8380   15.8220
    7.8494   15.8290

    7.5414   20.5980
    7.5528   20.6500
    7.5642   20.7050
    7.5756   20.7620
    7.5870   20.8190
    7.5984   20.8720
    7.6098   20.9190
    7.6212   20.9540
    7.6326   20.9710
    7.6440   20.9650
    7.6554   20.9310
    7.6669   20.8700
    7.6783   20.7850
    7.6897   20.6820
    7.7011   20.5650
    7.7125   20.4400
    7.7239   20.3110
    7.7353   20.1810
    7.7467   20.0520
    7.7581   19.9280
    7.7695   19.8100
    7.7809   19.7010
    7.7923   19.6030
    7.8037   19.5190
    7.8151   19.4510
    7.8266   19.4010
    7.8380   19.3700
    7.8494   19.3590

