    1.5773    5.0890
    1.5888    5.0890
    1.6002    5.0920
    1.6116    5.0950
    1.6230    5.1010
    1.6344    5.1080
    1.6458    5.1160
    1.6572    5.1250
    1.6686    5.1370
    1.6800    5.1490
    1.6914    5.1630
    1.7028    5.1780
    1.7142    5.1940
    1.7256    5.2120
    1.7371    5.2310
    1.7485    5.2510
    1.7599    5.2720
    1.7713    5.2940
    1.7827    5.3160
    1.7941    5.3400
    1.8055    5.3650
    1.8169    5.3900
    1.8283    5.4160
    1.8397    5.4420
    1.8511    5.4690
    1.8625    5.4960
    1.8739    5.5230
    1.8853    5.5510

    1.5773    5.0890
    1.5888    5.0890
    1.6002    5.0920
    1.6116    5.0950
    1.6230    5.1010
    1.6344    5.1080
    1.6458    5.1160
    1.6572    5.1250
    1.6686    5.1370
    1.6800    5.1490
    1.6914    5.1630
    1.7028    5.1780
    1.7142    5.1940
    1.7256    5.2120
    1.7371    5.2310
    1.7485    5.2510
    1.7599    5.2720
    1.7713    5.2940
    1.7827    5.3160
    1.7941    5.3400
    1.8055    5.3650
    1.8169    5.3900
    1.8283    5.4160
    1.8397    5.4420
    1.8511    5.4690
    1.8625    5.4960
    1.8739    5.5230
    1.8853    5.5510

