    4.0787    5.0890
    4.0898    5.0870
    4.1009    5.0810
    4.1120    5.0710
    4.1231    5.0580
    4.1342    5.0400
    4.1453    5.0200
    4.1564    4.9960
    4.1675    4.9680
    4.1786    4.9380
    4.1897    4.9050
    4.2008    4.8700
    4.2119    4.8320
    4.2230    4.7920
    4.2341    4.7510
    4.2452    4.7080
    4.2563    4.6630
    4.2674    4.6170
    4.2785    4.5710
    4.2897    4.5230
    4.3008    4.4750
    4.3119    4.4270
    4.3230    4.3780
    4.3341    4.3300
    4.3452    4.2810
    4.3563    4.2330
    4.3674    4.1860
    4.3785    4.1390
    4.3896    4.0930
    4.4007    4.0480
    4.4118    4.0040
    4.4229    3.9610
    4.4340    3.9190
    4.4451    3.8790
    4.4562    3.8400
    4.4673    3.8030
    4.4784    3.7680
    4.4895    3.7340
    4.5006    3.7020
    4.5117    3.6720
    4.5228    3.6440
    4.5339    3.6180
    4.5450    3.5940
    4.5561    3.5730
    4.5672    3.5530
    4.5783    3.5360
    4.5894    3.5210
    4.6005    3.5080
    4.6116    3.4970
    4.6227    3.4890
    4.6338    3.4830
    4.6449    3.4800
    4.6560    3.4780

    4.0787    6.0420
    4.0898    6.0410
    4.1009    6.0390
    4.1120    6.0360
    4.1231    6.0310
    4.1342    6.0250
    4.1453    6.0180
    4.1564    6.0090
    4.1675    5.9990
    4.1786    5.9870
    4.1897    5.9740
    4.2008    5.9600
    4.2119    5.9440
    4.2230    5.9270
    4.2341    5.9090
    4.2452    5.8890
    4.2563    5.8680
    4.2674    5.8460
    4.2785    5.8230
    4.2897    5.7990
    4.3008    5.7740
    4.3119    5.7490
    4.3230    5.7230
    4.3341    5.6960
    4.3452    5.6690
    4.3563    5.6420
    4.3674    5.6150
    4.3785    5.5870
    4.3896    5.5600
    4.4007    5.5330
    4.4118    5.5060
    4.4229    5.4800
    4.4340    5.4540
    4.4451    5.4290
    4.4562    5.4040
    4.4673    5.3800
    4.4784    5.3580
    4.4895    5.3360
    4.5006    5.3150
    4.5117    5.2950
    4.5228    5.2770
    4.5339    5.2600
    4.5450    5.2440
    4.5561    5.2290
    4.5672    5.2160
    4.5783    5.2040
    4.5894    5.1940
    4.6005    5.1850
    4.6116    5.1780
    4.6227    5.1720
    4.6338    5.1680
    4.6449    5.1660
    4.6560    5.1650

