    3.4627    0.6630
    3.4741    0.6240
    3.4855    0.5880
    3.4969    0.5540
    3.5083    0.5250
    3.5197    0.4980
    3.5311    0.4740
    3.5426    0.4540
    3.5540    0.4360
    3.5654    0.4220
    3.5768    0.4100
    3.5882    0.4020
    3.5996    0.3950
    3.6110    0.3920
    3.6224    0.3910
    3.6338    0.3910
    3.6452    0.3940
    3.6566    0.3980
    3.6680    0.4030
    3.6794    0.4090
    3.6908    0.4160
    3.7023    0.4230
    3.7137    0.4290
    3.7251    0.4350
    3.7365    0.4400
    3.7479    0.4430
    3.7593    0.4460
    3.7707    0.4470

    3.4627    4.3920
    3.4741    4.3340
    3.4855    4.2720
    3.4969    4.2050
    3.5083    4.1350
    3.5197    4.0610
    3.5311    3.9850
    3.5426    3.9060
    3.5540    3.8260
    3.5654    3.7440
    3.5768    3.6620
    3.5882    3.5810
    3.5996    3.5000
    3.6110    3.4200
    3.6224    3.3420
    3.6338    3.2670
    3.6452    3.1940
    3.6566    3.1260
    3.6680    3.0610
    3.6794    3.0010
    3.6908    2.9470
    3.7023    2.8980
    3.7137    2.8560
    3.7251    2.8200
    3.7365    2.7920
    3.7479    2.7720
    3.7593    2.7600
    3.7707    2.7560

    3.4627   15.0760
    3.4741   15.1270
    3.4855   15.1820
    3.4969   15.2420
    3.5083   15.3050
    3.5197   15.3700
    3.5311   15.4370
    3.5426   15.5040
    3.5540   15.5720
    3.5654   15.6390
    3.5768   15.7030
    3.5882   15.7660
    3.5996   15.8260
    3.6110   15.8830
    3.6224   15.9360
    3.6338   15.9840
    3.6452   16.0290
    3.6566   16.0700
    3.6680   16.1060
    3.6794   16.1380
    3.6908   16.1660
    3.7023   16.1900
    3.7137   16.2100
    3.7251   16.2260
    3.7365   16.2380
    3.7479   16.2470
    3.7593   16.2520
    3.7707   16.2540

    3.4627   20.5980
    3.4741   20.5510
    3.4855   20.5080
    3.4969   20.4710
    3.5083   20.4410
    3.5197   20.4170
    3.5311   20.4000
    3.5426   20.3910
    3.5540   20.3890
    3.5654   20.3940
    3.5768   20.4070
    3.5882   20.4270
    3.5996   20.4540
    3.6110   20.4860
    3.6224   20.5240
    3.6338   20.5670
    3.6452   20.6140
    3.6566   20.6630
    3.6680   20.7130
    3.6794   20.7640
    3.6908   20.8130
    3.7023   20.8590
    3.7137   20.9010
    3.7251   20.9380
    3.7365   20.9680
    3.7479   20.9900
    3.7593   21.0040
    3.7707   21.0080

