    0.9107    0.6190
    0.9218    0.6200
    0.9329    0.6230
    0.9440    0.6300
    0.9551    0.6390
    0.9662    0.6530
    0.9774    0.6700
    0.9885    0.6920
    0.9996    0.7190
    1.0107    0.7500
    1.0218    0.7870
    1.0329    0.8290
    1.0440    0.8760
    1.0551    0.9280
    1.0662    0.9860
    1.0773    1.0490
    1.0885    1.1180
    1.0996    1.1910
    1.1107    1.2700
    1.1218    1.3540
    1.1329    1.4430
    1.1440    1.5370
    1.1551    1.6350
    1.1662    1.7370
    1.1774    1.8440
    1.1885    1.9550
    1.1996    2.0700
    1.2107    2.1880
    1.2218    2.3090
    1.2329    2.4340
    1.2440    2.5610
    1.2551    2.6910
    1.2662    2.8220
    1.2773    2.9550
    1.2885    3.0900
    1.2996    3.2250
    1.3107    3.3610
    1.3218    3.4960
    1.3329    3.6310
    1.3440    3.7630
    1.3551    3.8940
    1.3662    4.0210
    1.3773    4.1440
    1.3885    4.2620
    1.3996    4.3740
    1.4107    4.4770
    1.4218    4.5730
    1.4329    4.6580
    1.4440    4.7350
    1.4551    4.8010
    1.4662    4.8590
    1.4773    4.9080
    1.4885    4.9500
    1.4996    4.9850
    1.5107    5.0140
    1.5218    5.0380
    1.5329    5.0560
    1.5440    5.0710
    1.5551    5.0810
    1.5662    5.0870
    1.5773    5.0890

    0.9107    2.4900
    0.9218    2.5270
    0.9329    2.5680
    0.9440    2.6120
    0.9551    2.6610
    0.9662    2.7120
    0.9774    2.7660
    0.9885    2.8220
    0.9996    2.8810
    1.0107    2.9420
    1.0218    3.0040
    1.0329    3.0670
    1.0440    3.1320
    1.0551    3.1980
    1.0662    3.2650
    1.0773    3.3320
    1.0885    3.4000
    1.0996    3.4680
    1.1107    3.5370
    1.1218    3.6050
    1.1329    3.6740
    1.1440    3.7430
    1.1551    3.8110
    1.1662    3.8790
    1.1774    3.9470
    1.1885    4.0140
    1.1996    4.0810
    1.2107    4.1470
    1.2218    4.2120
    1.2329    4.2770
    1.2440    4.3410
    1.2551    4.4040
    1.2662    4.4660
    1.2773    4.5270
    1.2885    4.5880
    1.2996    4.6480
    1.3107    4.7060
    1.3218    4.7650
    1.3329    4.8230
    1.3440    4.8800
    1.3551    4.9380
    1.3662    4.9950
    1.3773    5.0540
    1.3885    5.1140
    1.3996    5.1750
    1.4107    5.2390
    1.4218    5.3060
    1.4329    5.3760
    1.4440    5.4470
    1.4551    5.5210
    1.4662    5.5940
    1.4773    5.6670
    1.4885    5.7370
    1.4996    5.8020
    1.5107    5.8620
    1.5218    5.9140
    1.5329    5.9590
    1.5440    5.9950
    1.5551    6.0210
    1.5662    6.0370
    1.5773    6.0420

    0.9107    3.7110
    0.9218    3.7550
    0.9329    3.8000
    0.9440    3.8460
    0.9551    3.8940
    0.9662    3.9430
    0.9774    3.9940
    0.9885    4.0460
    0.9996    4.0990
    1.0107    4.1530
    1.0218    4.2080
    1.0329    4.2640
    1.0440    4.3210
    1.0551    4.3780
    1.0662    4.4360
    1.0773    4.4940
    1.0885    4.5530
    1.0996    4.6120
    1.1107    4.6710
    1.1218    4.7300
    1.1329    4.7890
    1.1440    4.8470
    1.1551    4.9050
    1.1662    4.9630
    1.1774    5.0190
    1.1885    5.0750
    1.1996    5.1300
    1.2107    5.1840
    1.2218    5.2370
    1.2329    5.2890
    1.2440    5.3390
    1.2551    5.3880
    1.2662    5.4350
    1.2773    5.4810
    1.2885    5.5250
    1.2996    5.5680
    1.3107    5.6090
    1.3218    5.6480
    1.3329    5.6860
    1.3440    5.7220
    1.3551    5.7560
    1.3662    5.7890
    1.3773    5.8190
    1.3885    5.8480
    1.3996    5.8750
    1.4107    5.9010
    1.4218    5.9250
    1.4329    5.9470
    1.4440    5.9670
    1.4551    5.9860
    1.4662    6.0030
    1.4773    6.0190
    1.4885    6.0320
    1.4996    6.0450
    1.5107    6.0550
    1.5218    6.0640
    1.5329    6.0710
    1.5440    6.0770
    1.5551    6.0810
    1.5662    6.0830
    1.5773    6.0840

    0.9107   18.8260
    0.9218   18.8190
    0.9329   18.7990
    0.9440   18.7650
    0.9551   18.7190
    0.9662   18.6610
    0.9774   18.5910
    0.9885   18.5110
    0.9996   18.4220
    1.0107   18.3250
    1.0218   18.2220
    1.0329   18.1120
    1.0440   17.9980
    1.0551   17.8800
    1.0662   17.7600
    1.0773   17.6370
    1.0885   17.5130
    1.0996   17.3880
    1.1107   17.2630
    1.1218   17.1380
    1.1329   17.0130
    1.1440   16.8890
    1.1551   16.7660
    1.1662   16.6440
    1.1774   16.5230
    1.1885   16.4040
    1.1996   16.2860
    1.2107   16.1700
    1.2218   16.0550
    1.2329   15.9420
    1.2440   15.8300
    1.2551   15.7200
    1.2662   15.6120
    1.2773   15.5050
    1.2885   15.4000
    1.2996   15.2970
    1.3107   15.1950
    1.3218   15.0940
    1.3329   14.9950
    1.3440   14.8980
    1.3551   14.8020
    1.3662   14.7080
    1.3773   14.6150
    1.3885   14.5250
    1.3996   14.4360
    1.4107   14.3500
    1.4218   14.2660
    1.4329   14.1850
    1.4440   14.1070
    1.4551   14.0330
    1.4662   13.9630
    1.4773   13.8970
    1.4885   13.8360
    1.4996   13.7810
    1.5107   13.7320
    1.5218   13.6890
    1.5329   13.6540
    1.5440   13.6250
    1.5551   13.6050
    1.5662   13.5930
    1.5773   13.5880

    0.9107   20.4370
    0.9218   20.3790
    0.9329   20.3200
    0.9440   20.2610
    0.9551   20.2030
    0.9662   20.1470
    0.9774   20.0960
    0.9885   20.0480
    0.9996   20.0060
    1.0107   19.9690
    1.0218   19.9370
    1.0329   19.9100
    1.0440   19.8880
    1.0551   19.8710
    1.0662   19.8590
    1.0773   19.8510
    1.0885   19.8470
    1.0996   19.8480
    1.1107   19.8530
    1.1218   19.8620
    1.1329   19.8750
    1.1440   19.8920
    1.1551   19.9120
    1.1662   19.9360
    1.1774   19.9620
    1.1885   19.9900
    1.1996   20.0210
    1.2107   20.0530
    1.2218   20.0860
    1.2329   20.1190
    1.2440   20.1510
    1.2551   20.1810
    1.2662   20.2090
    1.2773   20.2340
    1.2885   20.2550
    1.2996   20.2720
    1.3107   20.2860
    1.3218   20.2950
    1.3329   20.3010
    1.3440   20.3050
    1.3551   20.3060
    1.3662   20.3050
    1.3773   20.3040
    1.3885   20.3020
    1.3996   20.3000
    1.4107   20.2980
    1.4218   20.2960
    1.4329   20.2950
    1.4440   20.2950
    1.4551   20.2950
    1.4662   20.2960
    1.4773   20.2980
    1.4885   20.3000
    1.4996   20.3020
    1.5107   20.3040
    1.5218   20.3070
    1.5329   20.3090
    1.5440   20.3110
    1.5551   20.3120
    1.5662   20.3130
    1.5773   20.3130

