    5.6560    6.0840
    5.6674    6.0770
    5.6789    6.0560
    5.6903    6.0220
    5.7017    5.9750
    5.7131    5.9160
    5.7245    5.8440
    5.7359    5.7600
    5.7473    5.6660
    5.7587    5.5620
    5.7701    5.4480
    5.7815    5.3250
    5.7929    5.1950
    5.8043    5.0580
    5.8157    4.9140
    5.8271    4.7650
    5.8386    4.6110
    5.8500    4.4520
    5.8614    4.2900
    5.8728    4.1250
    5.8842    3.9570
    5.8956    3.7870
    5.9070    3.6160
    5.9184    3.4440
    5.9298    3.2720
    5.9412    3.1000
    5.9526    2.9280
    5.9640    2.7570

    5.6560   13.5880
    5.6674   13.5930
    5.6789   13.6080
    5.6903   13.6320
    5.7017   13.6660
    5.7131   13.7090
    5.7245   13.7600
    5.7359   13.8190
    5.7473   13.8850
    5.7587   13.9580
    5.7701   14.0380
    5.7815   14.1230
    5.7929   14.2130
    5.8043   14.3070
    5.8157   14.4050
    5.8271   14.5070
    5.8386   14.6110
    5.8500   14.7180
    5.8614   14.8270
    5.8728   14.9370
    5.8842   15.0480
    5.8956   15.1600
    5.9070   15.2720
    5.9184   15.3850
    5.9298   15.4970
    5.9412   15.6090
    5.9526   15.7200
    5.9640   15.8300

