    1.5773    6.0840
    1.5888    6.0770
    1.6002    6.0560
    1.6116    6.0220
    1.6230    5.9750
    1.6344    5.9160
    1.6458    5.8440
    1.6572    5.7600
    1.6686    5.6660
    1.6800    5.5620
    1.6914    5.4480
    1.7028    5.3250
    1.7142    5.1950
    1.7256    5.0580
    1.7371    4.9140
    1.7485    4.7650
    1.7599    4.6110
    1.7713    4.4520
    1.7827    4.2900
    1.7941    4.1250
    1.8055    3.9570
    1.8169    3.7870
    1.8283    3.6160
    1.8397    3.4440
    1.8511    3.2720
    1.8625    3.1000
    1.8739    2.9280
    1.8853    2.7570

    1.5773   13.5880
    1.5888   13.5930
    1.6002   13.6080
    1.6116   13.6320
    1.6230   13.6660
    1.6344   13.7090
    1.6458   13.7600
    1.6572   13.8190
    1.6686   13.8850
    1.6800   13.9580
    1.6914   14.0380
    1.7028   14.1230
    1.7142   14.2130
    1.7256   14.3070
    1.7371   14.4050
    1.7485   14.5070
    1.7599   14.6110
    1.7713   14.7180
    1.7827   14.8270
    1.7941   14.9370
    1.8055   15.0480
    1.8169   15.1600
    1.8283   15.2720
    1.8397   15.3850
    1.8511   15.4970
    1.8625   15.6090
    1.8739   15.7200
    1.8853   15.8300

