    1.8853    5.5510
    1.8965    5.5500
    1.9076    5.5450
    1.9187    5.5390
    1.9298    5.5290
    1.9409    5.5170
    1.9520    5.5020
    1.9631    5.4840
    1.9742    5.4650
    1.9853    5.4430
    1.9964    5.4180
    2.0075    5.3920
    2.0186    5.3640
    2.0297    5.3340
    2.0408    5.3020
    2.0519    5.2690
    2.0630    5.2340
    2.0741    5.1990
    2.0852    5.1620
    2.0963    5.1240
    2.1074    5.0860
    2.1185    5.0480
    2.1296    5.0080
    2.1407    4.9690
    2.1518    4.9300
    2.1629    4.8900
    2.1740    4.8510
    2.1851    4.8120
    2.1962    4.7740
    2.2073    4.7360
    2.2184    4.6990
    2.2295    4.6630
    2.2406    4.6280
    2.2517    4.5940
    2.2628    4.5610
    2.2740    4.5290
    2.2851    4.4990
    2.2962    4.4700
    2.3073    4.4430
    2.3184    4.4170
    2.3295    4.3930
    2.3406    4.3700
    2.3517    4.3490
    2.3628    4.3310
    2.3739    4.3140
    2.3850    4.2980
    2.3961    4.2850
    2.4072    4.2740
    2.4183    4.2650
    2.4294    4.2580
    2.4405    4.2530
    2.4516    4.2500
    2.4627    4.2490

    1.8853    5.5510
    1.8965    5.5500
    1.9076    5.5450
    1.9187    5.5390
    1.9298    5.5290
    1.9409    5.5170
    1.9520    5.5020
    1.9631    5.4840
    1.9742    5.4650
    1.9853    5.4430
    1.9964    5.4180
    2.0075    5.3920
    2.0186    5.3640
    2.0297    5.3340
    2.0408    5.3020
    2.0519    5.2690
    2.0630    5.2340
    2.0741    5.1990
    2.0852    5.1620
    2.0963    5.1240
    2.1074    5.0860
    2.1185    5.0480
    2.1296    5.0080
    2.1407    4.9690
    2.1518    4.9300
    2.1629    4.8900
    2.1740    4.8510
    2.1851    4.8120
    2.1962    4.7740
    2.2073    4.7360
    2.2184    4.6990
    2.2295    4.6630
    2.2406    4.6280
    2.2517    4.5940
    2.2628    4.5610
    2.2740    4.5290
    2.2851    4.4990
    2.2962    4.4700
    2.3073    4.4430
    2.3184    4.4170
    2.3295    4.3930
    2.3406    4.3700
    2.3517    4.3490
    2.3628    4.3310
    2.3739    4.3140
    2.3850    4.2980
    2.3961    4.2850
    2.4072    4.2740
    2.4183    4.2650
    2.4294    4.2580
    2.4405    4.2530
    2.4516    4.2500
    2.4627    4.2490

