    5.6560    5.0890
    5.6674    5.0890
    5.6789    5.0920
    5.6903    5.0950
    5.7017    5.1010
    5.7131    5.1080
    5.7245    5.1160
    5.7359    5.1250
    5.7473    5.1370
    5.7587    5.1490
    5.7701    5.1630
    5.7815    5.1780
    5.7929    5.1940
    5.8043    5.2120
    5.8157    5.2310
    5.8271    5.2510
    5.8386    5.2720
    5.8500    5.2940
    5.8614    5.3160
    5.8728    5.3400
    5.8842    5.3650
    5.8956    5.3900
    5.9070    5.4160
    5.9184    5.4420
    5.9298    5.4690
    5.9412    5.4960
    5.9526    5.5230
    5.9640    5.5510

    5.6560    5.0890
    5.6674    5.0890
    5.6789    5.0920
    5.6903    5.0950
    5.7017    5.1010
    5.7131    5.1080
    5.7245    5.1160
    5.7359    5.1250
    5.7473    5.1370
    5.7587    5.1490
    5.7701    5.1630
    5.7815    5.1780
    5.7929    5.1940
    5.8043    5.2120
    5.8157    5.2310
    5.8271    5.2510
    5.8386    5.2720
    5.8500    5.2940
    5.8614    5.3160
    5.8728    5.3400
    5.8842    5.3650
    5.8956    5.3900
    5.9070    5.4160
    5.9184    5.4420
    5.9298    5.4690
    5.9412    5.4960
    5.9526    5.5230
    5.9640    5.5510

