    4.6560    2.0720
    4.6675    2.0730
    4.6790    2.0760
    4.6905    2.0810
    4.7020    2.0890
    4.7135    2.0980
    4.7250    2.1090
    4.7365    2.1230
    4.7480    2.1380
    4.7595    2.1550
    4.7710    2.1740
    4.7825    2.1950
    4.7940    2.2180
    4.8055    2.2420
    4.8170    2.2670
    4.8285    2.2940
    4.8399    2.3230
    4.8514    2.3520
    4.8629    2.3810
    4.8744    2.4110
    4.8859    2.4410
    4.8974    2.4690
    4.9089    2.4950
    4.9204    2.5190
    4.9319    2.5370
    4.9434    2.5480
    4.9549    2.5500
    4.9664    2.5410
    4.9779    2.5210
    4.9894    2.4900

    4.6560    4.1590
    4.6675    4.1580
    4.6790    4.1570
    4.6905    4.1530
    4.7020    4.1490
    4.7135    4.1430
    4.7250    4.1350
    4.7365    4.1250
    4.7480    4.1140
    4.7595    4.1000
    4.7710    4.0840
    4.7825    4.0640
    4.7940    4.0420
    4.8055    4.0140
    4.8170    3.9820
    4.8285    3.9440
    4.8399    3.9000
    4.8514    3.8480
    4.8629    3.7900
    4.8744    3.7270
    4.8859    3.6590
    4.8974    3.5900
    4.9089    3.5210
    4.9204    3.4540
    4.9319    3.3930
    4.9434    3.3400
    4.9549    3.2980
    4.9664    3.2680
    4.9779    3.2510
    4.9894    3.2460

    4.6560    5.1650
    4.6675    5.1610
    4.6790    5.1480
    4.6905    5.1270
    4.7020    5.0980
    4.7135    5.0620
    4.7250    5.0180
    4.7365    4.9680
    4.7480    4.9110
    4.7595    4.8500
    4.7710    4.7840
    4.7825    4.7150
    4.7940    4.6430
    4.8055    4.5700
    4.8170    4.4980
    4.8285    4.4270
    4.8399    4.3590
    4.8514    4.2950
    4.8629    4.2360
    4.8744    4.1810
    4.8859    4.1290
    4.8974    4.0810
    4.9089    4.0340
    4.9204    3.9870
    4.9319    3.9410
    4.9434    3.8950
    4.9549    3.8490
    4.9664    3.8030
    4.9779    3.7560
    4.9894    3.7110

    4.6560   15.8290
    4.6675   15.8290
    4.6790   15.8310
    4.6905   15.8320
    4.7020   15.8330
    4.7135   15.8340
    4.7250   15.8320
    4.7365   15.8290
    4.7480   15.8220
    4.7595   15.8110
    4.7710   15.7950
    4.7825   15.7750
    4.7940   15.7500
    4.8055   15.7210
    4.8170   15.6870
    4.8285   15.6490
    4.8399   15.6090
    4.8514   15.5670
    4.8629   15.5230
    4.8744   15.4800
    4.8859   15.4380
    4.8974   15.3970
    4.9089   15.3590
    4.9204   15.3240
    4.9319   15.2930
    4.9434   15.2670
    4.9549   15.2460
    4.9664   15.2310
    4.9779   15.2220
    4.9894   15.2180

    4.6560   19.3590
    4.6675   19.3560
    4.6790   19.3470
    4.6905   19.3320
    4.7020   19.3150
    4.7135   19.2960
    4.7250   19.2780
    4.7365   19.2640
    4.7480   19.2550
    4.7595   19.2520
    4.7710   19.2580
    4.7825   19.2730
    4.7940   19.2980
    4.8055   19.3320
    4.8170   19.3750
    4.8285   19.4270
    4.8399   19.4870
    4.8514   19.5530
    4.8629   19.6240
    4.8744   19.7000
    4.8859   19.7780
    4.8974   19.8580
    4.9089   19.9380
    4.9204   20.0180
    4.9319   20.0960
    4.9434   20.1710
    4.9549   20.2430
    4.9664   20.3120
    4.9779   20.3760
    4.9894   20.4370

