    0.0000   -0.0560
    0.0111   -0.0550
    0.0222   -0.0510
    0.0333   -0.0440
    0.0444   -0.0350
    0.0555   -0.0220
    0.0666   -0.0080
    0.0777    0.0100
    0.0888    0.0300
    0.0999    0.0530
    0.1110    0.0780
    0.1221    0.1060
    0.1332    0.1360
    0.1443    0.1690
    0.1554    0.2040
    0.1665    0.2410
    0.1776    0.2810
    0.1887    0.3230
    0.1999    0.3670
    0.2110    0.4130
    0.2221    0.4600
    0.2332    0.5100
    0.2443    0.5610
    0.2554    0.6130
    0.2665    0.6660
    0.2776    0.7190
    0.2887    0.7730
    0.2998    0.8250
    0.3109    0.8770
    0.3220    0.9250
    0.3331    0.9700
    0.3442    1.0080
    0.3553    1.0380
    0.3664    1.0570
    0.3775    1.0620
    0.3886    1.0530
    0.3997    1.0290
    0.4108    0.9930
    0.4219    0.9470
    0.4330    0.8970
    0.4441    0.8430
    0.4552    0.7890
    0.4663    0.7350
    0.4774    0.6850
    0.4885    0.6370
    0.4996    0.5940
    0.5107    0.5560
    0.5218    0.5230
    0.5329    0.4960
    0.5440    0.4740
    0.5551    0.4590
    0.5662    0.4500
    0.5774    0.4470

    0.0000    5.0890
    0.0111    5.0840
    0.0222    5.0700
    0.0333    5.0480
    0.0444    5.0160
    0.0555    4.9750
    0.0666    4.9260
    0.0777    4.8680
    0.0888    4.8030
    0.0999    4.7290
    0.1110    4.6480
    0.1221    4.5610
    0.1332    4.4660
    0.1443    4.3660
    0.1554    4.2600
    0.1665    4.1490
    0.1776    4.0330
    0.1887    3.9140
    0.1999    3.7920
    0.2110    3.6670
    0.2221    3.5410
    0.2332    3.4130
    0.2443    3.2850
    0.2554    3.1580
    0.2665    3.0310
    0.2776    2.9060
    0.2887    2.7840
    0.2998    2.6660
    0.3109    2.5530
    0.3220    2.4470
    0.3331    2.3480
    0.3442    2.2610
    0.3553    2.1860
    0.3664    2.1270
    0.3775    2.0870
    0.3886    2.0660
    0.3997    2.0650
    0.4108    2.0820
    0.4219    2.1120
    0.4330    2.1530
    0.4441    2.2000
    0.4552    2.2500
    0.4663    2.2900
    0.4774    2.2900
    0.4885    2.2540
    0.4996    2.2150
    0.5107    2.1780
    0.5218    2.1460
    0.5329    2.1200
    0.5440    2.0990
    0.5551    2.0840
    0.5662    2.0750
    0.5774    2.0720

    0.0000    6.0420
    0.0111    6.0370
    0.0222    6.0210
    0.0333    5.9950
    0.0444    5.9580
    0.0555    5.9130
    0.0666    5.8580
    0.0777    5.7950
    0.0888    5.7250
    0.0999    5.6470
    0.1110    5.5630
    0.1221    5.4730
    0.1332    5.3790
    0.1443    5.2800
    0.1554    5.1770
    0.1665    5.0710
    0.1776    4.9630
    0.1887    4.8520
    0.1999    4.7400
    0.2110    4.6260
    0.2221    4.5120
    0.2332    4.3970
    0.2443    4.2820
    0.2554    4.1670
    0.2665    4.0520
    0.2776    3.9380
    0.2887    3.8250
    0.2998    3.7130
    0.3109    3.6030
    0.3220    3.4950
    0.3331    3.3890
    0.3442    3.2860
    0.3553    3.1850
    0.3664    3.0870
    0.3775    2.9930
    0.3886    2.9020
    0.3997    2.8140
    0.4108    2.7310
    0.4219    2.6530
    0.4330    2.5790
    0.4441    2.5110
    0.4552    2.4510
    0.4663    2.4090
    0.4774    2.4150
    0.4885    2.4610
    0.4996    2.5150
    0.5107    2.5690
    0.5218    2.6200
    0.5329    2.6650
    0.5440    2.7030
    0.5551    2.7320
    0.5662    2.7500
    0.5774    2.7560

    0.0000    6.0840
    0.0111    6.0830
    0.0222    6.0810
    0.0333    6.0770
    0.0444    6.0710
    0.0555    6.0640
    0.0666    6.0550
    0.0777    6.0450
    0.0888    6.0330
    0.0999    6.0190
    0.1110    6.0030
    0.1221    5.9860
    0.1332    5.9670
    0.1443    5.9470
    0.1554    5.9250
    0.1665    5.9010
    0.1776    5.8750
    0.1887    5.8470
    0.1999    5.8180
    0.2110    5.7870
    0.2221    5.7540
    0.2332    5.7190
    0.2443    5.6820
    0.2554    5.6440
    0.2665    5.6030
    0.2776    5.5610
    0.2887    5.5160
    0.2998    5.4700
    0.3109    5.4220
    0.3220    5.3720
    0.3331    5.3200
    0.3442    5.2660
    0.3553    5.2100
    0.3664    5.1530
    0.3775    5.0940
    0.3886    5.0340
    0.3997    4.9720
    0.4108    4.9090
    0.4219    4.8450
    0.4330    4.7800
    0.4441    4.7150
    0.4552    4.6500
    0.4663    4.5860
    0.4774    4.5220
    0.4885    4.4600
    0.4996    4.4000
    0.5107    4.3440
    0.5218    4.2930
    0.5329    4.2480
    0.5440    4.2110
    0.5551    4.1830
    0.5662    4.1650
    0.5774    4.1590

    0.0000   13.5880
    0.0111   13.5930
    0.0222   13.6050
    0.0333   13.6250
    0.0444   13.6530
    0.0555   13.6890
    0.0666   13.7320
    0.0777   13.7810
    0.0888   13.8360
    0.0999   13.8960
    0.1110   13.9610
    0.1221   14.0310
    0.1332   14.1040
    0.1443   14.1800
    0.1554   14.2580
    0.1665   14.3380
    0.1776   14.4200
    0.1887   14.5020
    0.1999   14.5850
    0.2110   14.6680
    0.2221   14.7500
    0.2332   14.8310
    0.2443   14.9110
    0.2554   14.9880
    0.2665   15.0640
    0.2776   15.1370
    0.2887   15.2060
    0.2998   15.2730
    0.3109   15.3350
    0.3220   15.3940
    0.3331   15.4480
    0.3442   15.4980
    0.3553   15.5440
    0.3664   15.5850
    0.3775   15.6220
    0.3886   15.6540
    0.3997   15.6830
    0.4108   15.7080
    0.4219   15.7290
    0.4330   15.7470
    0.4441   15.7620
    0.4552   15.7750
    0.4663   15.7860
    0.4774   15.7950
    0.4885   15.8020
    0.4996   15.8090
    0.5107   15.8140
    0.5218   15.8180
    0.5329   15.8220
    0.5440   15.8250
    0.5551   15.8270
    0.5662   15.8290
    0.5774   15.8290

    0.0000   17.5900
    0.0111   17.5940
    0.0222   17.6060
    0.0333   17.6260
    0.0444   17.6540
    0.0555   17.6890
    0.0666   17.7310
    0.0777   17.7790
    0.0888   17.8330
    0.0999   17.8920
    0.1110   17.9560
    0.1221   18.0220
    0.1332   18.0900
    0.1443   18.1590
    0.1554   18.2270
    0.1665   18.2930
    0.1776   18.3550
    0.1887   18.4120
    0.1999   18.4630
    0.2110   18.5060
    0.2221   18.5390
    0.2332   18.5630
    0.2443   18.5740
    0.2554   18.5660
    0.2665   18.5280
    0.2776   18.4530
    0.2887   18.3520
    0.2998   18.2390
    0.3109   18.1190
    0.3220   17.9970
    0.3331   17.8740
    0.3442   17.7520
    0.3553   17.6320
    0.3664   17.5140
    0.3775   17.3980
    0.3886   17.2870
    0.3997   17.1790
    0.4108   17.0760
    0.4219   16.9770
    0.4330   16.8840
    0.4441   16.7960
    0.4552   16.7130
    0.4663   16.6370
    0.4774   16.5670
    0.4885   16.5040
    0.4996   16.4470
    0.5107   16.3970
    0.5218   16.3540
    0.5329   16.3180
    0.5440   16.2900
    0.5551   16.2700
    0.5662   16.2580
    0.5774   16.2540

    0.0000   20.3130
    0.0111   20.3130
    0.0222   20.3120
    0.0333   20.3100
    0.0444   20.3070
    0.0555   20.3010
    0.0666   20.2910
    0.0777   20.2740
    0.0888   20.2450
    0.0999   20.2010
    0.1110   20.1400
    0.1221   20.0670
    0.1332   19.9850
    0.1443   19.8970
    0.1554   19.8040
    0.1665   19.7070
    0.1776   19.6060
    0.1887   19.5020
    0.1999   19.3960
    0.2110   19.2880
    0.2221   19.1780
    0.2332   19.0680
    0.2443   18.9620
    0.2554   18.8660
    0.2665   18.7940
    0.2776   18.7520
    0.2887   18.7340
    0.2998   18.7270
    0.3109   18.7260
    0.3220   18.7290
    0.3331   18.7360
    0.3442   18.7470
    0.3553   18.7620
    0.3664   18.7800
    0.3775   18.8030
    0.3886   18.8300
    0.3997   18.8600
    0.4108   18.8930
    0.4219   18.9300
    0.4330   18.9690
    0.4441   19.0090
    0.4552   19.0510
    0.4663   19.0930
    0.4774   19.1340
    0.4885   19.1750
    0.4996   19.2130
    0.5107   19.2490
    0.5218   19.2800
    0.5329   19.3080
    0.5440   19.3300
    0.5551   19.3460
    0.5662   19.3560
    0.5774   19.3590

