    7.8494    1.7380
    7.8608    1.6650
    7.8722    1.5930
    7.8836    1.5230
    7.8950    1.4550
    7.9064    1.3890
    7.9178    1.3240
    7.9292    1.2620
    7.9406    1.2020
    7.9520    1.1450
    7.9634    1.0900
    7.9748    1.0380
    7.9863    0.9890
    7.9977    0.9420
    8.0091    0.8990
    8.0205    0.8580
    8.0319    0.8200
    8.0433    0.7860
    8.0547    0.7540
    8.0661    0.7260
    8.0775    0.7010
    8.0889    0.6790
    8.1003    0.6610
    8.1117    0.6460
    8.1231    0.6340
    8.1345    0.6260
    8.1460    0.6210
    8.1574    0.6190

    7.8494   17.6570
    7.8608   17.7580
    7.8722   17.8550
    7.8836   17.9470
    7.8950   18.0340
    7.9064   18.1150
    7.9178   18.1920
    7.9292   18.2620
    7.9406   18.3280
    7.9520   18.3880
    7.9634   18.4440
    7.9748   18.4940
    7.9863   18.5400
    7.9977   18.5820
    8.0091   18.6200
    8.0205   18.6540
    8.0319   18.6840
    8.0433   18.7100
    8.0547   18.7340
    8.0661   18.7540
    8.0775   18.7720
    8.0889   18.7870
    8.1003   18.7990
    8.1117   18.8090
    8.1231   18.8170
    8.1345   18.8220
    8.1460   18.8250
    8.1574   18.8260

