    4.9894    2.4900
    5.0005    2.4520
    5.0116    2.4080
    5.0227    2.3600
    5.0338    2.3100
    5.0449    2.2600
    5.0560    2.2100
    5.0672    2.1610
    5.0783    2.1140
    5.0894    2.0690
    5.1005    2.0250
    5.1116    1.9840
    5.1227    1.9440
    5.1338    1.9060
    5.1449    1.8680
    5.1560    1.8300
    5.1672    1.7920
    5.1783    1.7530
    5.1894    1.7110
    5.2005    1.6680
    5.2116    1.6210
    5.2227    1.5720
    5.2338    1.5200
    5.2449    1.4650
    5.2560    1.4080
    5.2671    1.3480
    5.2783    1.2880
    5.2894    1.2260
    5.3005    1.1640
    5.3116    1.1010
    5.3227    1.0380
    5.3338    0.9760
    5.3449    0.9140
    5.3560    0.8530
    5.3671    0.7930
    5.3783    0.7350
    5.3894    0.6770
    5.4005    0.6210
    5.4116    0.5670
    5.4227    0.5140
    5.4338    0.4640
    5.4449    0.4150
    5.4560    0.3690
    5.4671    0.3240
    5.4783    0.2820
    5.4894    0.2420
    5.5005    0.2040
    5.5116    0.1690
    5.5227    0.1360
    5.5338    0.1060
    5.5449    0.0780
    5.5560    0.0530
    5.5671    0.0300
    5.5783    0.0100
    5.5894   -0.0080
    5.6005   -0.0220
    5.6116   -0.0350
    5.6227   -0.0440
    5.6338   -0.0510
    5.6449   -0.0550
    5.6560   -0.0560

    4.9894    3.2460
    5.0005    3.2500
    5.0116    3.2560
    5.0227    3.2610
    5.0338    3.2560
    5.0449    3.2390
    5.0560    3.2080
    5.0672    3.1670
    5.0783    3.1200
    5.0894    3.0690
    5.1005    3.0160
    5.1116    2.9630
    5.1227    2.9100
    5.1338    2.8590
    5.1449    2.8120
    5.1560    2.7680
    5.1672    2.7290
    5.1783    2.6960
    5.1894    2.6700
    5.2005    2.6520
    5.2116    2.6420
    5.2227    2.6400
    5.2338    2.6470
    5.2449    2.6630
    5.2560    2.6860
    5.2671    2.7170
    5.2783    2.7550
    5.2894    2.8000
    5.3005    2.8510
    5.3116    2.9080
    5.3227    2.9710
    5.3338    3.0380
    5.3449    3.1100
    5.3560    3.1860
    5.3671    3.2660
    5.3783    3.3490
    5.3894    3.4340
    5.4005    3.5230
    5.4116    3.6130
    5.4227    3.7040
    5.4338    3.7970
    5.4449    3.8910
    5.4560    3.9840
    5.4671    4.0780
    5.4783    4.1700
    5.4894    4.2610
    5.5005    4.3510
    5.5116    4.4380
    5.5227    4.5220
    5.5338    4.6020
    5.5449    4.6780
    5.5560    4.7500
    5.5671    4.8160
    5.5783    4.8770
    5.5894    4.9310
    5.6005    4.9780
    5.6116    5.0170
    5.6227    5.0480
    5.6338    5.0700
    5.6449    5.0840
    5.6560    5.0890

    4.9894    3.7110
    5.0005    3.6700
    5.0116    3.6350
    5.0227    3.6080
    5.0338    3.5950
    5.0449    3.5990
    5.0560    3.6200
    5.0672    3.6530
    5.0783    3.6960
    5.0894    3.7450
    5.1005    3.7980
    5.1116    3.8550
    5.1227    3.9140
    5.1338    3.9760
    5.1449    4.0390
    5.1560    4.1030
    5.1672    4.1680
    5.1783    4.2340
    5.1894    4.3000
    5.2005    4.3670
    5.2116    4.4350
    5.2227    4.5020
    5.2338    4.5690
    5.2449    4.6360
    5.2560    4.7030
    5.2671    4.7690
    5.2783    4.8350
    5.2894    4.9000
    5.3005    4.9650
    5.3116    5.0280
    5.3227    5.0900
    5.3338    5.1520
    5.3449    5.2120
    5.3560    5.2700
    5.3671    5.3270
    5.3783    5.3830
    5.3894    5.4360
    5.4005    5.4880
    5.4116    5.5380
    5.4227    5.5860
    5.4338    5.6320
    5.4449    5.6760
    5.4560    5.7170
    5.4671    5.7560
    5.4783    5.7930
    5.4894    5.8270
    5.5005    5.8580
    5.5116    5.8870
    5.5227    5.9130
    5.5338    5.9360
    5.5449    5.9570
    5.5560    5.9750
    5.5671    5.9910
    5.5783    6.0040
    5.5894    6.0150
    5.6005    6.0240
    5.6116    6.0310
    5.6227    6.0360
    5.6338    6.0390
    5.6449    6.0410
    5.6560    6.0420

    4.9894   15.2180
    5.0005   15.2210
    5.0116   15.2310
    5.0227   15.2460
    5.0338   15.2680
    5.0449   15.2970
    5.0560   15.3320
    5.0672   15.3730
    5.0783   15.4200
    5.0894   15.4740
    5.1005   15.5340
    5.1116   15.6000
    5.1227   15.6710
    5.1338   15.7480
    5.1449   15.8300
    5.1560   15.9170
    5.1672   16.0090
    5.1783   16.1060
    5.1894   16.2070
    5.2005   16.3110
    5.2116   16.4200
    5.2227   16.5320
    5.2338   16.6470
    5.2449   16.7640
    5.2560   16.8840
    5.2671   17.0060
    5.2783   17.1300
    5.2894   17.2550
    5.3005   17.3810
    5.3116   17.5080
    5.3227   17.6340
    5.3338   17.7600
    5.3449   17.8850
    5.3560   18.0080
    5.3671   18.1280
    5.3783   18.2430
    5.3894   18.3500
    5.4005   18.4460
    5.4116   18.5230
    5.4227   18.5730
    5.4338   18.5890
    5.4449   18.5720
    5.4560   18.5280
    5.4671   18.4690
    5.4783   18.4000
    5.4894   18.3260
    5.5005   18.2500
    5.5116   18.1750
    5.5227   18.1000
    5.5338   18.0280
    5.5449   17.9600
    5.5560   17.8950
    5.5671   17.8350
    5.5783   17.7800
    5.5894   17.7310
    5.6005   17.6890
    5.6116   17.6540
    5.6227   17.6260
    5.6338   17.6060
    5.6449   17.5940
    5.6560   17.5900

    4.9894   20.4370
    5.0005   20.4910
    5.0116   20.5420
    5.0227   20.5880
    5.0338   20.6320
    5.0449   20.6710
    5.0560   20.7080
    5.0672   20.7420
    5.0783   20.7730
    5.0894   20.8020
    5.1005   20.8280
    5.1116   20.8520
    5.1227   20.8730
    5.1338   20.8920
    5.1449   20.9060
    5.1560   20.9160
    5.1672   20.9210
    5.1783   20.9180
    5.1894   20.9060
    5.2005   20.8830
    5.2116   20.8480
    5.2227   20.8000
    5.2338   20.7390
    5.2449   20.6670
    5.2560   20.5860
    5.2671   20.4980
    5.2783   20.4040
    5.2894   20.3070
    5.3005   20.2070
    5.3116   20.1060
    5.3227   20.0050
    5.3338   19.9040
    5.3449   19.8050
    5.3560   19.7080
    5.3671   19.6150
    5.3783   19.5270
    5.3894   19.4460
    5.4005   19.3770
    5.4116   19.3260
    5.4227   19.3030
    5.4338   19.3130
    5.4449   19.3570
    5.4560   19.4260
    5.4671   19.5110
    5.4783   19.6040
    5.4894   19.7020
    5.5005   19.8010
    5.5116   19.9000
    5.5227   19.9960
    5.5338   20.0890
    5.5449   20.1760
    5.5560   20.2560
    5.5671   20.3240
    5.5783   20.3700
    5.5894   20.3830
    5.6005   20.3720
    5.6116   20.3540
    5.6227   20.3370
    5.6338   20.3240
    5.6449   20.3160
    5.6560   20.3130

