    0.0000    5.0890
    0.0111    5.0870
    0.0222    5.0810
    0.0333    5.0710
    0.0444    5.0580
    0.0555    5.0400
    0.0666    5.0200
    0.0777    4.9960
    0.0888    4.9680
    0.0999    4.9380
    0.1110    4.9050
    0.1221    4.8700
    0.1332    4.8320
    0.1443    4.7920
    0.1554    4.7510
    0.1665    4.7080
    0.1776    4.6630
    0.1887    4.6170
    0.1999    4.5710
    0.2110    4.5230
    0.2221    4.4750
    0.2332    4.4270
    0.2443    4.3780
    0.2554    4.3300
    0.2665    4.2810
    0.2776    4.2330
    0.2887    4.1860
    0.2998    4.1390
    0.3109    4.0930
    0.3220    4.0480
    0.3331    4.0040
    0.3442    3.9610
    0.3553    3.9190
    0.3664    3.8790
    0.3775    3.8400
    0.3886    3.8030
    0.3997    3.7680
    0.4108    3.7340
    0.4219    3.7020
    0.4330    3.6720
    0.4441    3.6440
    0.4552    3.6180
    0.4663    3.5940
    0.4774    3.5730
    0.4885    3.5530
    0.4996    3.5360
    0.5107    3.5210
    0.5218    3.5080
    0.5329    3.4970
    0.5440    3.4890
    0.5551    3.4830
    0.5662    3.4800
    0.5774    3.4780

    0.0000    6.0420
    0.0111    6.0410
    0.0222    6.0390
    0.0333    6.0360
    0.0444    6.0310
    0.0555    6.0250
    0.0666    6.0180
    0.0777    6.0090
    0.0888    5.9990
    0.0999    5.9870
    0.1110    5.9740
    0.1221    5.9600
    0.1332    5.9440
    0.1443    5.9270
    0.1554    5.9090
    0.1665    5.8890
    0.1776    5.8680
    0.1887    5.8460
    0.1999    5.8230
    0.2110    5.7990
    0.2221    5.7740
    0.2332    5.7490
    0.2443    5.7230
    0.2554    5.6960
    0.2665    5.6690
    0.2776    5.6420
    0.2887    5.6150
    0.2998    5.5870
    0.3109    5.5600
    0.3220    5.5330
    0.3331    5.5060
    0.3442    5.4800
    0.3553    5.4540
    0.3664    5.4290
    0.3775    5.4040
    0.3886    5.3800
    0.3997    5.3580
    0.4108    5.3360
    0.4219    5.3150
    0.4330    5.2950
    0.4441    5.2770
    0.4552    5.2600
    0.4663    5.2440
    0.4774    5.2290
    0.4885    5.2160
    0.4996    5.2040
    0.5107    5.1940
    0.5218    5.1850
    0.5329    5.1780
    0.5440    5.1720
    0.5551    5.1680
    0.5662    5.1660
    0.5774    5.1650

