    7.8494    1.7560
    7.8608    1.7570
    7.8722    1.7620
    7.8836    1.7710
    7.8950    1.7820
    7.9064    1.7970
    7.9178    1.8140
    7.9292    1.8350
    7.9406    1.8590
    7.9520    1.8860
    7.9634    1.9150
    7.9748    1.9470
    7.9863    1.9820
    7.9977    2.0190
    8.0091    2.0580
    8.0205    2.0980
    8.0319    2.1400
    8.0433    2.1830
    8.0547    2.2260
    8.0661    2.2690
    8.0775    2.3120
    8.0889    2.3520
    8.1003    2.3890
    8.1117    2.4230
    8.1231    2.4510
    8.1345    2.4720
    8.1460    2.4850
    8.1574    2.4900

    7.8494    1.7380
    7.8608    1.7570
    7.8722    1.7620
    7.8836    1.7710
    7.8950    1.7820
    7.9064    1.7970
    7.9178    1.8140
    7.9292    1.8350
    7.9406    1.8590
    7.9520    1.8860
    7.9634    1.9150
    7.9748    1.9470
    7.9863    1.9820
    7.9977    2.0190
    8.0091    2.0580
    8.0205    2.0980
    8.0319    2.1400
    8.0433    2.1830
    8.0547    2.2260
    8.0661    2.2690
    8.0775    2.3120
    8.0889    2.3520
    8.1003    2.3890
    8.1117    2.4230
    8.1231    2.4510
    8.1345    2.4720
    8.1460    2.4850
    8.1574    2.4900

    7.8494    4.8300
    7.8608    4.8270
    7.8722    4.8180
    7.8836    4.8030
    7.8950    4.7820
    7.9064    4.7560
    7.9178    4.7240
    7.9292    4.6870
    7.9406    4.6450
    7.9520    4.5990
    7.9634    4.5490
    7.9748    4.4950
    7.9863    4.4390
    7.9977    4.3790
    8.0091    4.3180
    8.0205    4.2560
    8.0319    4.1920
    8.0433    4.1290
    8.0547    4.0660
    8.0661    4.0050
    8.0775    3.9470
    8.0889    3.8920
    8.1003    3.8420
    8.1117    3.7980
    8.1231    3.7610
    8.1345    3.7340
    8.1460    3.7170
    8.1574    3.7110

    7.8494    4.8300
    7.8608    4.8270
    7.8722    4.8180
    7.8836    4.8030
    7.8950    4.7820
    7.9064    4.7560
    7.9178    4.7240
    7.9292    4.6870
    7.9406    4.6450
    7.9520    4.5990
    7.9634    4.5490
    7.9748    4.4950
    7.9863    4.4390
    7.9977    4.3790
    8.0091    4.3180
    8.0205    4.2560
    8.0319    4.1920
    8.0433    4.1290
    8.0547    4.0660
    8.0661    4.0050
    8.0775    3.9470
    8.0889    3.8920
    8.1003    3.8420
    8.1117    3.7980
    8.1231    3.7610
    8.1345    3.7340
    8.1460    3.7170
    8.1574    3.7110

    7.8494   18.0850
    7.8608   18.0910
    7.8722   18.1080
    7.8836   18.1370
    7.8950   18.1760
    7.9064   18.2270
    7.9178   18.2880
    7.9292   18.3590
    7.9406   18.4400
    7.9520   18.5300
    7.9634   18.6290
    7.9748   18.7350
    7.9863   18.8480
    7.9977   18.9680
    8.0091   19.0930
    8.0205   19.2220
    8.0319   19.3540
    8.0433   19.4880
    8.0547   19.6230
    8.0661   19.7560
    8.0775   19.8860
    8.0889   20.0100
    8.1003   20.1250
    8.1117   20.2280
    8.1231   20.3150
    8.1345   20.3810
    8.1460   20.4230
    8.1574   20.4370

    7.8494   18.0850
    7.8608   18.0910
    7.8722   18.1080
    7.8836   18.1370
    7.8950   18.1760
    7.9064   18.2270
    7.9178   18.2880
    7.9292   18.3590
    7.9406   18.4400
    7.9520   18.5300
    7.9634   18.6290
    7.9748   18.7350
    7.9863   18.8480
    7.9977   18.9680
    8.0091   19.0930
    8.0205   19.2220
    8.0319   19.3540
    8.0433   19.4880
    8.0547   19.6230
    8.0661   19.7560
    8.0775   19.8860
    8.0889   20.0100
    8.1003   20.1250
    8.1117   20.2280
    8.1231   20.3150
    8.1345   20.3810
    8.1460   20.4230
    8.1574   20.4370

