    5.9640    2.7570
    5.9751    2.7570
    5.9862    2.7570
    5.9973    2.7570
    6.0084    2.7570
    6.0195    2.7560
    6.0306    2.7550
    6.0418    2.7540
    6.0529    2.7520
    6.0640    2.7490
    6.0751    2.7450
    6.0862    2.7390
    6.0973    2.7320
    6.1084    2.7220
    6.1195    2.7100
    6.1306    2.6950
    6.1417    2.6770
    6.1528    2.6540
    6.1639    2.6270
    6.1750    2.5940
    6.1861    2.5570
    6.1972    2.5130
    6.2083    2.4640
    6.2194    2.4090
    6.2305    2.3490
    6.2416    2.2830
    6.2527    2.2120
    6.2638    2.1370
    6.2749    2.0580
    6.2860    1.9760
    6.2971    1.8930
    6.3082    1.8080
    6.3193    1.7230
    6.3304    1.6370
    6.3415    1.5530
    6.3526    1.4690
    6.3637    1.3880
    6.3748    1.3090
    6.3859    1.2330
    6.3970    1.1600
    6.4081    1.0910
    6.4192    1.0260
    6.4303    0.9660
    6.4415    0.9100
    6.4526    0.8600
    6.4637    0.8150
    6.4748    0.7750
    6.4859    0.7410
    6.4970    0.7130
    6.5081    0.6920
    6.5192    0.6760
    6.5303    0.6660
    6.5414    0.6630

    5.9640    2.7570
    5.9751    2.7570
    5.9862    2.7570
    5.9973    2.7570
    6.0084    2.7570
    6.0195    2.7560
    6.0306    2.7550
    6.0418    2.7540
    6.0529    2.7520
    6.0640    2.7490
    6.0751    2.7450
    6.0862    2.7390
    6.0973    2.7320
    6.1084    2.7220
    6.1195    2.7100
    6.1306    2.6950
    6.1417    2.6770
    6.1528    2.6540
    6.1639    2.6270
    6.1750    2.5940
    6.1861    2.5570
    6.1972    2.5130
    6.2083    2.4640
    6.2194    2.4090
    6.2305    2.3490
    6.2416    2.2830
    6.2527    2.2120
    6.2638    2.1370
    6.2749    2.0580
    6.2860    1.9760
    6.2971    1.8930
    6.3082    1.8080
    6.3193    1.7230
    6.3304    1.6370
    6.3415    1.5530
    6.3526    1.4690
    6.3637    1.3880
    6.3748    1.3090
    6.3859    1.2330
    6.3970    1.1600
    6.4081    1.0910
    6.4192    1.0260
    6.4303    0.9660
    6.4415    0.9100
    6.4526    0.8600
    6.4637    0.8150
    6.4748    0.7750
    6.4859    0.7410
    6.4970    0.7130
    6.5081    0.6920
    6.5192    0.6760
    6.5303    0.6660
    6.5414    0.6630

    5.9640    5.5510
    5.9751    5.5470
    5.9862    5.5360
    5.9973    5.5170
    6.0084    5.4910
    6.0195    5.4580
    6.0306    5.4180
    6.0418    5.3730
    6.0529    5.3210
    6.0640    5.2650
    6.0751    5.2040
    6.0862    5.1400
    6.0973    5.0730
    6.1084    5.0030
    6.1195    4.9320
    6.1306    4.8620
    6.1417    4.7910
    6.1528    4.7230
    6.1639    4.6560
    6.1750    4.5930
    6.1861    4.5350
    6.1972    4.4810
    6.2083    4.4330
    6.2194    4.3900
    6.2305    4.3530
    6.2416    4.3220
    6.2527    4.2970
    6.2638    4.2770
    6.2749    4.2630
    6.2860    4.2530
    6.2971    4.2470
    6.3082    4.2440
    6.3193    4.2450
    6.3304    4.2480
    6.3415    4.2530
    6.3526    4.2600
    6.3637    4.2690
    6.3748    4.2780
    6.3859    4.2890
    6.3970    4.2990
    6.4081    4.3100
    6.4192    4.3210
    6.4303    4.3320
    6.4415    4.3420
    6.4526    4.3520
    6.4637    4.3610
    6.4748    4.3690
    6.4859    4.3750
    6.4970    4.3810
    6.5081    4.3860
    6.5192    4.3890
    6.5303    4.3910
    6.5414    4.3920

    5.9640    5.5510
    5.9751    5.5470
    5.9862    5.5360
    5.9973    5.5170
    6.0084    5.4910
    6.0195    5.4580
    6.0306    5.4180
    6.0418    5.3730
    6.0529    5.3210
    6.0640    5.2650
    6.0751    5.2040
    6.0862    5.1400
    6.0973    5.0730
    6.1084    5.0030
    6.1195    4.9320
    6.1306    4.8620
    6.1417    4.7910
    6.1528    4.7230
    6.1639    4.6560
    6.1750    4.5930
    6.1861    4.5350
    6.1972    4.4810
    6.2083    4.4330
    6.2194    4.3900
    6.2305    4.3530
    6.2416    4.3220
    6.2527    4.2970
    6.2638    4.2770
    6.2749    4.2630
    6.2860    4.2530
    6.2971    4.2470
    6.3082    4.2440
    6.3193    4.2450
    6.3304    4.2480
    6.3415    4.2530
    6.3526    4.2600
    6.3637    4.2690
    6.3748    4.2780
    6.3859    4.2890
    6.3970    4.2990
    6.4081    4.3100
    6.4192    4.3210
    6.4303    4.3320
    6.4415    4.3420
    6.4526    4.3520
    6.4637    4.3610
    6.4748    4.3690
    6.4859    4.3750
    6.4970    4.3810
    6.5081    4.3860
    6.5192    4.3890
    6.5303    4.3910
    6.5414    4.3920

    5.9640   15.8300
    5.9751   15.8310
    5.9862   15.8360
    5.9973   15.8440
    6.0084   15.8550
    6.0195   15.8680
    6.0306   15.8830
    6.0418   15.9000
    6.0529   15.9190
    6.0640   15.9370
    6.0751   15.9560
    6.0862   15.9740
    6.0973   15.9910
    6.1084   16.0060
    6.1195   16.0190
    6.1306   16.0280
    6.1417   16.0340
    6.1528   16.0370
    6.1639   16.0350
    6.1750   16.0290
    6.1861   16.0190
    6.1972   16.0050
    6.2083   15.9860
    6.2194   15.9640
    6.2305   15.9370
    6.2416   15.9070
    6.2527   15.8750
    6.2638   15.8390
    6.2749   15.8010
    6.2860   15.7620
    6.2971   15.7200
    6.3082   15.6780
    6.3193   15.6350
    6.3304   15.5920
    6.3415   15.5480
    6.3526   15.5050
    6.3637   15.4630
    6.3748   15.4220
    6.3859   15.3820
    6.3970   15.3430
    6.4081   15.3070
    6.4192   15.2720
    6.4303   15.2400
    6.4415   15.2100
    6.4526   15.1830
    6.4637   15.1580
    6.4748   15.1370
    6.4859   15.1190
    6.4970   15.1030
    6.5081   15.0920
    6.5192   15.0830
    6.5303   15.0780
    6.5414   15.0760

    5.9640   15.8300
    5.9751   15.8310
    5.9862   15.8360
    5.9973   15.8440
    6.0084   15.8550
    6.0195   15.8680
    6.0306   15.8830
    6.0418   15.9000
    6.0529   15.9190
    6.0640   15.9370
    6.0751   15.9560
    6.0862   15.9740
    6.0973   15.9910
    6.1084   16.0060
    6.1195   16.0190
    6.1306   16.0280
    6.1417   16.0340
    6.1528   16.0370
    6.1639   16.0350
    6.1750   16.0290
    6.1861   16.0190
    6.1972   16.0050
    6.2083   15.9860
    6.2194   15.9640
    6.2305   15.9370
    6.2416   15.9070
    6.2527   15.8750
    6.2638   15.8390
    6.2749   15.8010
    6.2860   15.7620
    6.2971   15.7200
    6.3082   15.6780
    6.3193   15.6350
    6.3304   15.5920
    6.3415   15.5480
    6.3526   15.5050
    6.3637   15.4630
    6.3748   15.4220
    6.3859   15.3820
    6.3970   15.3430
    6.4081   15.3070
    6.4192   15.2720
    6.4303   15.2400
    6.4415   15.2100
    6.4526   15.1830
    6.4637   15.1580
    6.4748   15.1370
    6.4859   15.1190
    6.4970   15.1030
    6.5081   15.0920
    6.5192   15.0830
    6.5303   15.0780
    6.5414   15.0760

    5.9640   20.5740
    5.9751   20.5620
    5.9862   20.5290
    5.9973   20.4830
    6.0084   20.4290
    6.0195   20.3730
    6.0306   20.3160
    6.0418   20.2610
    6.0529   20.2070
    6.0640   20.1560
    6.0751   20.1090
    6.0862   20.0660
    6.0973   20.0280
    6.1084   19.9940
    6.1195   19.9660
    6.1306   19.9440
    6.1417   19.9270
    6.1528   19.9160
    6.1639   19.9110
    6.1750   19.9120
    6.1861   19.9180
    6.1972   19.9300
    6.2083   19.9460
    6.2194   19.9670
    6.2305   19.9920
    6.2416   20.0200
    6.2527   20.0510
    6.2638   20.0830
    6.2749   20.1180
    6.2860   20.1540
    6.2971   20.1900
    6.3082   20.2260
    6.3193   20.2610
    6.3304   20.2960
    6.3415   20.3300
    6.3526   20.3620
    6.3637   20.3920
    6.3748   20.4200
    6.3859   20.4460
    6.3970   20.4700
    6.4081   20.4920
    6.4192   20.5110
    6.4303   20.5280
    6.4415   20.5430
    6.4526   20.5550
    6.4637   20.5660
    6.4748   20.5750
    6.4859   20.5830
    6.4970   20.5880
    6.5081   20.5930
    6.5192   20.5960
    6.5303   20.5980
    6.5414   20.5980

    5.9640   20.5740
    5.9751   20.5620
    5.9862   20.5290
    5.9973   20.4830
    6.0084   20.4290
    6.0195   20.3730
    6.0306   20.3160
    6.0418   20.2610
    6.0529   20.2070
    6.0640   20.1560
    6.0751   20.1090
    6.0862   20.0660
    6.0973   20.0280
    6.1084   19.9940
    6.1195   19.9660
    6.1306   19.9440
    6.1417   19.9270
    6.1528   19.9160
    6.1639   19.9110
    6.1750   19.9120
    6.1861   19.9180
    6.1972   19.9300
    6.2083   19.9460
    6.2194   19.9670
    6.2305   19.9920
    6.2416   20.0200
    6.2527   20.0510
    6.2638   20.0830
    6.2749   20.1180
    6.2860   20.1540
    6.2971   20.1900
    6.3082   20.2260
    6.3193   20.2610
    6.3304   20.2960
    6.3415   20.3300
    6.3526   20.3620
    6.3637   20.3920
    6.3748   20.4200
    6.3859   20.4460
    6.3970   20.4700
    6.4081   20.4920
    6.4192   20.5110
    6.4303   20.5280
    6.4415   20.5430
    6.4526   20.5550
    6.4637   20.5660
    6.4748   20.5750
    6.4859   20.5830
    6.4970   20.5880
    6.5081   20.5930
    6.5192   20.5960
    6.5303   20.5980
    6.5414   20.5980

