    6.5414    0.6630
    6.5529    0.6650
    6.5644    0.6690
    6.5759    0.6760
    6.5874    0.6850
    6.5988    0.6980
    6.6103    0.7130
    6.6218    0.7300
    6.6333    0.7510
    6.6448    0.7740
    6.6563    0.7990
    6.6678    0.8280
    6.6793    0.8590
    6.6908    0.8920
    6.7023    0.9280
    6.7138    0.9670
    6.7253    1.0080
    6.7368    1.0510
    6.7483    1.0970
    6.7598    1.1460
    6.7713    1.1960
    6.7828    1.2490
    6.7942    1.3040
    6.8057    1.3610
    6.8172    1.4210
    6.8287    1.4820
    6.8402    1.5450
    6.8517    1.6110
    6.8632    1.6770
    6.8747    1.7380

    6.5414    4.2490
    6.5529    4.2300
    6.5644    4.1850
    6.5759    4.1290
    6.5874    4.0640
    6.5988    3.9930
    6.6103    3.9170
    6.6218    3.8360
    6.6333    3.7510
    6.6448    3.6610
    6.6563    3.5680
    6.6678    3.4710
    6.6793    3.3720
    6.6908    3.2710
    6.7023    3.1670
    6.7138    3.0630
    6.7253    2.9580
    6.7368    2.8530
    6.7483    2.7480
    6.7598    2.6440
    6.7713    2.5410
    6.7828    2.4400
    6.7942    2.3420
    6.8057    2.2460
    6.8172    2.1530
    6.8287    2.0630
    6.8402    1.9780
    6.8517    1.8960
    6.8632    1.8200
    6.8747    1.7560

    6.5414    4.3920
    6.5529    4.4060
    6.5644    4.4370
    6.5759    4.4710
    6.5874    4.5050
    6.5988    4.5370
    6.6103    4.5660
    6.6218    4.5930
    6.6333    4.6170
    6.6448    4.6390
    6.6563    4.6600
    6.6678    4.6790
    6.6793    4.6960
    6.6908    4.7120
    6.7023    4.7270
    6.7138    4.7400
    6.7253    4.7530
    6.7368    4.7640
    6.7483    4.7740
    6.7598    4.7840
    6.7713    4.7920
    6.7828    4.8000
    6.7942    4.8070
    6.8057    4.8130
    6.8172    4.8180
    6.8287    4.8230
    6.8402    4.8260
    6.8517    4.8280
    6.8632    4.8300
    6.8747    4.8300

    6.5414   15.0760
    6.5529   15.0820
    6.5644   15.0990
    6.5759   15.1260
    6.5874   15.1650
    6.5988   15.2140
    6.6103   15.2720
    6.6218   15.3400
    6.6333   15.4160
    6.6448   15.5000
    6.6563   15.5920
    6.6678   15.6890
    6.6793   15.7930
    6.6908   15.9010
    6.7023   16.0130
    6.7138   16.1290
    6.7253   16.2470
    6.7368   16.3680
    6.7483   16.4900
    6.7598   16.6130
    6.7713   16.7360
    6.7828   16.8600
    6.7942   16.9820
    6.8057   17.1040
    6.8172   17.2230
    6.8287   17.3390
    6.8402   17.4490
    6.8517   17.5490
    6.8632   17.6260
    6.8747   17.6570

    6.5414   20.5980
    6.5529   20.5950
    6.5644   20.5870
    6.5759   20.5710
    6.5874   20.5490
    6.5988   20.5190
    6.6103   20.4800
    6.6218   20.4310
    6.6333   20.3730
    6.6448   20.3040
    6.6563   20.2250
    6.6678   20.1360
    6.6793   20.0390
    6.6908   19.9330
    6.7023   19.8200
    6.7138   19.7020
    6.7253   19.5780
    6.7368   19.4510
    6.7483   19.3220
    6.7598   19.1900
    6.7713   19.0580
    6.7828   18.9260
    6.7942   18.7950
    6.8057   18.6650
    6.8172   18.5380
    6.8287   18.4160
    6.8402   18.3000
    6.8517   18.1960
    6.8632   18.1170
    6.8747   18.0850

