    3.4627    4.2490
    3.4741    4.2970
    3.4855    4.3460
    3.4969    4.3950
    3.5083    4.4450
    3.5197    4.4940
    3.5311    4.5420
    3.5426    4.5900
    3.5540    4.6380
    3.5654    4.6840
    3.5768    4.7300
    3.5882    4.7740
    3.5996    4.8170
    3.6110    4.8580
    3.6224    4.8970
    3.6338    4.9340
    3.6452    4.9690
    3.6566    5.0010
    3.6680    5.0310
    3.6794    5.0590
    3.6908    5.0830
    3.7023    5.1040
    3.7137    5.1230
    3.7251    5.1380
    3.7365    5.1500
    3.7479    5.1580
    3.7593    5.1630
    3.7707    5.1650

