    7.5414    4.2490
    7.5528    4.2000
    7.5642    4.1530
    7.5756    4.1060
    7.5870    4.0600
    7.5984    4.0150
    7.6098    3.9720
    7.6212    3.9290
    7.6326    3.8880
    7.6440    3.8490
    7.6554    3.8110
    7.6669    3.7750
    7.6783    3.7400
    7.6897    3.7080
    7.7011    3.6770
    7.7125    3.6480
    7.7239    3.6220
    7.7353    3.5970
    7.7467    3.5750
    7.7581    3.5550
    7.7695    3.5370
    7.7809    3.5220
    7.7923    3.5080
    7.8037    3.4980
    7.8151    3.4890
    7.8266    3.4830
    7.8380    3.4800
    7.8494    3.4780

