    1.5773    6.0420
    1.5888    6.0410
    1.6002    6.0380
    1.6116    6.0340
    1.6230    6.0280
    1.6344    6.0210
    1.6458    6.0110
    1.6572    6.0010
    1.6686    5.9880
    1.6800    5.9740
    1.6914    5.9590
    1.7028    5.9420
    1.7142    5.9240
    1.7256    5.9050
    1.7371    5.8850
    1.7485    5.8630
    1.7599    5.8410
    1.7713    5.8170
    1.7827    5.7930
    1.7941    5.7680
    1.8055    5.7420
    1.8169    5.7160
    1.8283    5.6890
    1.8397    5.6620
    1.8511    5.6340
    1.8625    5.6070
    1.8739    5.5790
    1.8853    5.5510

    1.5773    6.0420
    1.5888    6.0410
    1.6002    6.0380
    1.6116    6.0340
    1.6230    6.0280
    1.6344    6.0210
    1.6458    6.0110
    1.6572    6.0010
    1.6686    5.9880
    1.6800    5.9740
    1.6914    5.9590
    1.7028    5.9420
    1.7142    5.9240
    1.7256    5.9050
    1.7371    5.8850
    1.7485    5.8630
    1.7599    5.8410
    1.7713    5.8170
    1.7827    5.7930
    1.7941    5.7680
    1.8055    5.7420
    1.8169    5.7160
    1.8283    5.6890
    1.8397    5.6620
    1.8511    5.6340
    1.8625    5.6070
    1.8739    5.5790
    1.8853    5.5510

