    4.9894    0.6190
    5.0005    0.6200
    5.0116    0.6230
    5.0227    0.6300
    5.0338    0.6390
    5.0449    0.6530
    5.0560    0.6700
    5.0672    0.6920
    5.0783    0.7190
    5.0894    0.7500
    5.1005    0.7870
    5.1116    0.8290
    5.1227    0.8760
    5.1338    0.9280
    5.1449    0.9860
    5.1560    1.0490
    5.1672    1.1180
    5.1783    1.1910
    5.1894    1.2700
    5.2005    1.3540
    5.2116    1.4430
    5.2227    1.5370
    5.2338    1.6350
    5.2449    1.7370
    5.2560    1.8440
    5.2671    1.9550
    5.2783    2.0700
    5.2894    2.1880
    5.3005    2.3090
    5.3116    2.4340
    5.3227    2.5610
    5.3338    2.6910
    5.3449    2.8220
    5.3560    2.9550
    5.3671    3.0900
    5.3783    3.2250
    5.3894    3.3610
    5.4005    3.4960
    5.4116    3.6310
    5.4227    3.7630
    5.4338    3.8940
    5.4449    4.0210
    5.4560    4.1440
    5.4671    4.2620
    5.4783    4.3740
    5.4894    4.4770
    5.5005    4.5730
    5.5116    4.6580
    5.5227    4.7350
    5.5338    4.8010
    5.5449    4.8590
    5.5560    4.9080
    5.5671    4.9500
    5.5783    4.9850
    5.5894    5.0140
    5.6005    5.0380
    5.6116    5.0560
    5.6227    5.0710
    5.6338    5.0810
    5.6449    5.0870
    5.6560    5.0890

    4.9894    2.4900
    5.0005    2.5270
    5.0116    2.5680
    5.0227    2.6120
    5.0338    2.6610
    5.0449    2.7120
    5.0560    2.7660
    5.0672    2.8220
    5.0783    2.8810
    5.0894    2.9420
    5.1005    3.0040
    5.1116    3.0670
    5.1227    3.1320
    5.1338    3.1980
    5.1449    3.2650
    5.1560    3.3320
    5.1672    3.4000
    5.1783    3.4680
    5.1894    3.5370
    5.2005    3.6050
    5.2116    3.6740
    5.2227    3.7430
    5.2338    3.8110
    5.2449    3.8790
    5.2560    3.9470
    5.2671    4.0140
    5.2783    4.0810
    5.2894    4.1470
    5.3005    4.2120
    5.3116    4.2770
    5.3227    4.3410
    5.3338    4.4040
    5.3449    4.4660
    5.3560    4.5270
    5.3671    4.5880
    5.3783    4.6480
    5.3894    4.7060
    5.4005    4.7650
    5.4116    4.8230
    5.4227    4.8800
    5.4338    4.9380
    5.4449    4.9950
    5.4560    5.0540
    5.4671    5.1140
    5.4783    5.1750
    5.4894    5.2390
    5.5005    5.3060
    5.5116    5.3760
    5.5227    5.4470
    5.5338    5.5210
    5.5449    5.5940
    5.5560    5.6670
    5.5671    5.7370
    5.5783    5.8020
    5.5894    5.8620
    5.6005    5.9140
    5.6116    5.9590
    5.6227    5.9950
    5.6338    6.0210
    5.6449    6.0370
    5.6560    6.0420

    4.9894    3.7110
    5.0005    3.7550
    5.0116    3.8000
    5.0227    3.8460
    5.0338    3.8940
    5.0449    3.9430
    5.0560    3.9940
    5.0672    4.0460
    5.0783    4.0990
    5.0894    4.1530
    5.1005    4.2080
    5.1116    4.2640
    5.1227    4.3210
    5.1338    4.3780
    5.1449    4.4360
    5.1560    4.4940
    5.1672    4.5530
    5.1783    4.6120
    5.1894    4.6710
    5.2005    4.7300
    5.2116    4.7890
    5.2227    4.8470
    5.2338    4.9050
    5.2449    4.9630
    5.2560    5.0190
    5.2671    5.0750
    5.2783    5.1300
    5.2894    5.1840
    5.3005    5.2370
    5.3116    5.2890
    5.3227    5.3390
    5.3338    5.3880
    5.3449    5.4350
    5.3560    5.4810
    5.3671    5.5250
    5.3783    5.5680
    5.3894    5.6090
    5.4005    5.6480
    5.4116    5.6860
    5.4227    5.7220
    5.4338    5.7560
    5.4449    5.7890
    5.4560    5.8190
    5.4671    5.8480
    5.4783    5.8750
    5.4894    5.9010
    5.5005    5.9250
    5.5116    5.9470
    5.5227    5.9670
    5.5338    5.9860
    5.5449    6.0030
    5.5560    6.0190
    5.5671    6.0320
    5.5783    6.0450
    5.5894    6.0550
    5.6005    6.0640
    5.6116    6.0710
    5.6227    6.0770
    5.6338    6.0810
    5.6449    6.0830
    5.6560    6.0840

    4.9894   18.8260
    5.0005   18.8190
    5.0116   18.7990
    5.0227   18.7650
    5.0338   18.7190
    5.0449   18.6610
    5.0560   18.5910
    5.0672   18.5110
    5.0783   18.4220
    5.0894   18.3250
    5.1005   18.2220
    5.1116   18.1120
    5.1227   17.9980
    5.1338   17.8800
    5.1449   17.7600
    5.1560   17.6370
    5.1672   17.5130
    5.1783   17.3880
    5.1894   17.2630
    5.2005   17.1380
    5.2116   17.0130
    5.2227   16.8890
    5.2338   16.7660
    5.2449   16.6440
    5.2560   16.5230
    5.2671   16.4040
    5.2783   16.2860
    5.2894   16.1700
    5.3005   16.0550
    5.3116   15.9420
    5.3227   15.8300
    5.3338   15.7200
    5.3449   15.6120
    5.3560   15.5050
    5.3671   15.4000
    5.3783   15.2970
    5.3894   15.1950
    5.4005   15.0940
    5.4116   14.9950
    5.4227   14.8980
    5.4338   14.8020
    5.4449   14.7080
    5.4560   14.6150
    5.4671   14.5250
    5.4783   14.4360
    5.4894   14.3500
    5.5005   14.2660
    5.5116   14.1850
    5.5227   14.1070
    5.5338   14.0330
    5.5449   13.9630
    5.5560   13.8970
    5.5671   13.8360
    5.5783   13.7810
    5.5894   13.7320
    5.6005   13.6890
    5.6116   13.6540
    5.6227   13.6250
    5.6338   13.6050
    5.6449   13.5930
    5.6560   13.5880

    4.9894   20.4370
    5.0005   20.3790
    5.0116   20.3200
    5.0227   20.2610
    5.0338   20.2030
    5.0449   20.1470
    5.0560   20.0960
    5.0672   20.0480
    5.0783   20.0060
    5.0894   19.9690
    5.1005   19.9370
    5.1116   19.9100
    5.1227   19.8880
    5.1338   19.8710
    5.1449   19.8590
    5.1560   19.8510
    5.1672   19.8470
    5.1783   19.8480
    5.1894   19.8530
    5.2005   19.8620
    5.2116   19.8750
    5.2227   19.8920
    5.2338   19.9120
    5.2449   19.9360
    5.2560   19.9620
    5.2671   19.9900
    5.2783   20.0210
    5.2894   20.0530
    5.3005   20.0860
    5.3116   20.1190
    5.3227   20.1510
    5.3338   20.1810
    5.3449   20.2090
    5.3560   20.2340
    5.3671   20.2550
    5.3783   20.2720
    5.3894   20.2860
    5.4005   20.2950
    5.4116   20.3010
    5.4227   20.3050
    5.4338   20.3060
    5.4449   20.3050
    5.4560   20.3040
    5.4671   20.3020
    5.4783   20.3000
    5.4894   20.2980
    5.5005   20.2960
    5.5116   20.2950
    5.5227   20.2950
    5.5338   20.2950
    5.5449   20.2960
    5.5560   20.2980
    5.5671   20.3000
    5.5783   20.3020
    5.5894   20.3040
    5.6005   20.3070
    5.6116   20.3090
    5.6227   20.3110
    5.6338   20.3120
    5.6449   20.3130
    5.6560   20.3130

