    5.6560   -0.0560
    5.6674   -0.0510
    5.6789   -0.0370
    5.6903   -0.0140
    5.7017    0.0190
    5.7131    0.0610
    5.7245    0.1120
    5.7359    0.1720
    5.7473    0.2410
    5.7587    0.3180
    5.7701    0.4030
    5.7815    0.4950
    5.7929    0.5950
    5.8043    0.7030
    5.8157    0.8170
    5.8271    0.9380
    5.8386    1.0640
    5.8500    1.1970
    5.8614    1.3350
    5.8728    1.4780
    5.8842    1.6260
    5.8956    1.7780
    5.9070    1.9340
    5.9184    2.0930
    5.9298    2.2550
    5.9412    2.4200
    5.9526    2.5880
    5.9640    2.7570

    5.6560   17.5900
    5.6674   17.5870
    5.6789   17.5780
    5.6903   17.5640
    5.7017   17.5430
    5.7131   17.5180
    5.7245   17.4860
    5.7359   17.4500
    5.7473   17.4080
    5.7587   17.3600
    5.7701   17.3080
    5.7815   17.2510
    5.7929   17.1890
    5.8043   17.1230
    5.8157   17.0520
    5.8271   16.9780
    5.8386   16.8990
    5.8500   16.8160
    5.8614   16.7300
    5.8728   16.6410
    5.8842   16.5480
    5.8956   16.4530
    5.9070   16.3540
    5.9184   16.2540
    5.9298   16.1500
    5.9412   16.0450
    5.9526   15.9380
    5.9640   15.8300

