    5.6560    6.0420
    5.6674    6.0410
    5.6789    6.0380
    5.6903    6.0340
    5.7017    6.0280
    5.7131    6.0210
    5.7245    6.0110
    5.7359    6.0010
    5.7473    5.9880
    5.7587    5.9740
    5.7701    5.9590
    5.7815    5.9420
    5.7929    5.9240
    5.8043    5.9050
    5.8157    5.8850
    5.8271    5.8630
    5.8386    5.8410
    5.8500    5.8170
    5.8614    5.7930
    5.8728    5.7680
    5.8842    5.7420
    5.8956    5.7160
    5.9070    5.6890
    5.9184    5.6620
    5.9298    5.6340
    5.9412    5.6070
    5.9526    5.5790
    5.9640    5.5510

    5.6560    6.0420
    5.6674    6.0410
    5.6789    6.0380
    5.6903    6.0340
    5.7017    6.0280
    5.7131    6.0210
    5.7245    6.0110
    5.7359    6.0010
    5.7473    5.9880
    5.7587    5.9740
    5.7701    5.9590
    5.7815    5.9420
    5.7929    5.9240
    5.8043    5.9050
    5.8157    5.8850
    5.8271    5.8630
    5.8386    5.8410
    5.8500    5.8170
    5.8614    5.7930
    5.8728    5.7680
    5.8842    5.7420
    5.8956    5.7160
    5.9070    5.6890
    5.9184    5.6620
    5.9298    5.6340
    5.9412    5.6070
    5.9526    5.5790
    5.9640    5.5510

