    3.7707    1.7380
    3.7821    1.6650
    3.7935    1.5930
    3.8049    1.5230
    3.8163    1.4550
    3.8277    1.3890
    3.8391    1.3240
    3.8506    1.2620
    3.8620    1.2020
    3.8734    1.1450
    3.8848    1.0900
    3.8962    1.0380
    3.9076    0.9890
    3.9190    0.9420
    3.9304    0.8990
    3.9418    0.8580
    3.9532    0.8200
    3.9646    0.7860
    3.9760    0.7540
    3.9874    0.7260
    3.9988    0.7010
    4.0103    0.6790
    4.0217    0.6610
    4.0331    0.6460
    4.0445    0.6340
    4.0559    0.6260
    4.0673    0.6210
    4.0787    0.6190

    3.7707   17.6570
    3.7821   17.7580
    3.7935   17.8550
    3.8049   17.9470
    3.8163   18.0340
    3.8277   18.1150
    3.8391   18.1920
    3.8506   18.2620
    3.8620   18.3280
    3.8734   18.3880
    3.8848   18.4440
    3.8962   18.4940
    3.9076   18.5400
    3.9190   18.5820
    3.9304   18.6200
    3.9418   18.6540
    3.9532   18.6840
    3.9646   18.7100
    3.9760   18.7340
    3.9874   18.7540
    3.9988   18.7720
    4.0103   18.7870
    4.0217   18.7990
    4.0331   18.8090
    4.0445   18.8170
    4.0559   18.8220
    4.0673   18.8250
    4.0787   18.8260

