    [0.0000000000, 0.0000000000, 0.0000000000, 1],
    [0.0096153846, 0.0000000000, 0.0000000000, 1],
    [0.0192307692, 0.0000000000, 0.0000000000, 1],
    [0.0288461538, 0.0000000000, 0.0000000000, 1],
    [0.0384615385, 0.0000000000, 0.0000000000, 1],
    [0.0480769231, 0.0000000000, 0.0000000000, 1],
    [0.0576923077, 0.0000000000, 0.0000000000, 1],
    [0.0673076923, 0.0000000000, 0.0000000000, 1],
    [0.0769230769, 0.0000000000, 0.0000000000, 1],
    [0.0865384615, 0.0000000000, 0.0000000000, 1],
    [0.0961538462, 0.0000000000, 0.0000000000, 1],
    [0.1057692308, 0.0000000000, 0.0000000000, 1],
    [0.1153846154, 0.0000000000, 0.0000000000, 1],
    [0.1250000000, 0.0000000000, 0.0000000000, 1],
    [0.1346153846, 0.0000000000, 0.0000000000, 1],
    [0.1442307692, 0.0000000000, 0.0000000000, 1],
    [0.1538461538, 0.0000000000, 0.0000000000, 1],
    [0.1634615385, 0.0000000000, 0.0000000000, 1],
    [0.1730769231, 0.0000000000, 0.0000000000, 1],
    [0.1826923077, 0.0000000000, 0.0000000000, 1],
    [0.1923076923, 0.0000000000, 0.0000000000, 1],
    [0.2019230769, 0.0000000000, 0.0000000000, 1],
    [0.2115384615, 0.0000000000, 0.0000000000, 1],
    [0.2211538462, 0.0000000000, 0.0000000000, 1],
    [0.2307692308, 0.0000000000, 0.0000000000, 1],
    [0.2403846154, 0.0000000000, 0.0000000000, 1],
    [0.2500000000, 0.0000000000, 0.0000000000, 1],
    [0.2596153846, 0.0000000000, 0.0000000000, 1],
    [0.2692307692, 0.0000000000, 0.0000000000, 1],
    [0.2788461538, 0.0000000000, 0.0000000000, 1],
    [0.2884615385, 0.0000000000, 0.0000000000, 1],
    [0.2980769231, 0.0000000000, 0.0000000000, 1],
    [0.3076923077, 0.0000000000, 0.0000000000, 1],
    [0.3173076923, 0.0000000000, 0.0000000000, 1],
    [0.3269230769, 0.0000000000, 0.0000000000, 1],
    [0.3365384615, 0.0000000000, 0.0000000000, 1],
    [0.3461538462, 0.0000000000, 0.0000000000, 1],
    [0.3557692308, 0.0000000000, 0.0000000000, 1],
    [0.3653846154, 0.0000000000, 0.0000000000, 1],
    [0.3750000000, 0.0000000000, 0.0000000000, 1],
    [0.3846153846, 0.0000000000, 0.0000000000, 1],
    [0.3942307692, 0.0000000000, 0.0000000000, 1],
    [0.4038461538, 0.0000000000, 0.0000000000, 1],
    [0.4134615385, 0.0000000000, 0.0000000000, 1],
    [0.4230769231, 0.0000000000, 0.0000000000, 1],
    [0.4326923077, 0.0000000000, 0.0000000000, 1],
    [0.4423076923, 0.0000000000, 0.0000000000, 1],
    [0.4519230769, 0.0000000000, 0.0000000000, 1],
    [0.4615384615, 0.0000000000, 0.0000000000, 1],
    [0.4711538462, 0.0000000000, 0.0000000000, 1],
    [0.4807692308, 0.0000000000, 0.0000000000, 1],
    [0.4903846154, 0.0000000000, 0.0000000000, 1],
    [0.5000000000, 0.0000000000, 0.0000000000, 1],
    [0.4942528736, 0.0114942529, 0.0000000000, 1],
    [0.4885057471, 0.0229885057, 0.0000000000, 1],
    [0.4827586207, 0.0344827586, 0.0000000000, 1],
    [0.4770114943, 0.0459770115, 0.0000000000, 1],
    [0.4712643678, 0.0574712644, 0.0000000000, 1],
    [0.4655172414, 0.0689655172, 0.0000000000, 1],
    [0.4597701149, 0.0804597701, 0.0000000000, 1],
    [0.4540229885, 0.0919540230, 0.0000000000, 1],
    [0.4482758621, 0.1034482759, 0.0000000000, 1],
    [0.4425287356, 0.1149425287, 0.0000000000, 1],
    [0.4367816092, 0.1264367816, 0.0000000000, 1],
    [0.4310344828, 0.1379310345, 0.0000000000, 1],
    [0.4252873563, 0.1494252874, 0.0000000000, 1],
    [0.4195402299, 0.1609195402, 0.0000000000, 1],
    [0.4137931034, 0.1724137931, 0.0000000000, 1],
    [0.4080459770, 0.1839080460, 0.0000000000, 1],
    [0.4022988506, 0.1954022989, 0.0000000000, 1],
    [0.3965517241, 0.2068965517, 0.0000000000, 1],
    [0.3908045977, 0.2183908046, 0.0000000000, 1],
    [0.3850574713, 0.2298850575, 0.0000000000, 1],
    [0.3793103448, 0.2413793103, 0.0000000000, 1],
    [0.3735632184, 0.2528735632, 0.0000000000, 1],
    [0.3678160920, 0.2643678161, 0.0000000000, 1],
    [0.3620689655, 0.2758620690, 0.0000000000, 1],
    [0.3563218391, 0.2873563218, 0.0000000000, 1],
    [0.3505747126, 0.2988505747, 0.0000000000, 1],
    [0.3448275862, 0.3103448276, 0.0000000000, 1],
    [0.3390804598, 0.3218390805, 0.0000000000, 1],
    [0.3333333333, 0.3333333333, 0.0000000000, 1],
    [0.3277777778, 0.3277777778, 0.0000000000, 1],
    [0.3222222222, 0.3222222222, 0.0000000000, 1],
    [0.3166666667, 0.3166666667, 0.0000000000, 1],
    [0.3111111111, 0.3111111111, 0.0000000000, 1],
    [0.3055555556, 0.3055555556, 0.0000000000, 1],
    [0.3000000000, 0.3000000000, 0.0000000000, 1],
    [0.2944444444, 0.2944444444, 0.0000000000, 1],
    [0.2888888889, 0.2888888889, 0.0000000000, 1],
    [0.2833333333, 0.2833333333, 0.0000000000, 1],
    [0.2777777778, 0.2777777778, 0.0000000000, 1],
    [0.2722222222, 0.2722222222, 0.0000000000, 1],
    [0.2666666667, 0.2666666667, 0.0000000000, 1],
    [0.2611111111, 0.2611111111, 0.0000000000, 1],
    [0.2555555556, 0.2555555556, 0.0000000000, 1],
    [0.2500000000, 0.2500000000, 0.0000000000, 1],
    [0.2444444444, 0.2444444444, 0.0000000000, 1],
    [0.2388888889, 0.2388888889, 0.0000000000, 1],
    [0.2333333333, 0.2333333333, 0.0000000000, 1],
    [0.2277777778, 0.2277777778, 0.0000000000, 1],
    [0.2222222222, 0.2222222222, 0.0000000000, 1],
    [0.2166666667, 0.2166666667, 0.0000000000, 1],
    [0.2111111111, 0.2111111111, 0.0000000000, 1],
    [0.2055555556, 0.2055555556, 0.0000000000, 1],
    [0.2000000000, 0.2000000000, 0.0000000000, 1],
    [0.1944444444, 0.1944444444, 0.0000000000, 1],
    [0.1888888889, 0.1888888889, 0.0000000000, 1],
    [0.1833333333, 0.1833333333, 0.0000000000, 1],
    [0.1777777778, 0.1777777778, 0.0000000000, 1],
    [0.1722222222, 0.1722222222, 0.0000000000, 1],
    [0.1666666667, 0.1666666667, 0.0000000000, 1],
    [0.1611111111, 0.1611111111, 0.0000000000, 1],
    [0.1555555556, 0.1555555556, 0.0000000000, 1],
    [0.1500000000, 0.1500000000, 0.0000000000, 1],
    [0.1444444444, 0.1444444444, 0.0000000000, 1],
    [0.1388888889, 0.1388888889, 0.0000000000, 1],
    [0.1333333333, 0.1333333333, 0.0000000000, 1],
    [0.1277777778, 0.1277777778, 0.0000000000, 1],
    [0.1222222222, 0.1222222222, 0.0000000000, 1],
    [0.1166666667, 0.1166666667, 0.0000000000, 1],
    [0.1111111111, 0.1111111111, 0.0000000000, 1],
    [0.1055555556, 0.1055555556, 0.0000000000, 1],
    [0.1000000000, 0.1000000000, 0.0000000000, 1],
    [0.0944444444, 0.0944444444, 0.0000000000, 1],
    [0.0888888889, 0.0888888889, 0.0000000000, 1],
    [0.0833333333, 0.0833333333, 0.0000000000, 1],
    [0.0777777778, 0.0777777778, 0.0000000000, 1],
    [0.0722222222, 0.0722222222, 0.0000000000, 1],
    [0.0666666667, 0.0666666667, 0.0000000000, 1],
    [0.0611111111, 0.0611111111, 0.0000000000, 1],
    [0.0555555556, 0.0555555556, 0.0000000000, 1],
    [0.0500000000, 0.0500000000, 0.0000000000, 1],
    [0.0444444444, 0.0444444444, 0.0000000000, 1],
    [0.0388888889, 0.0388888889, 0.0000000000, 1],
    [0.0333333333, 0.0333333333, 0.0000000000, 1],
    [0.0277777778, 0.0277777778, 0.0000000000, 1],
    [0.0222222222, 0.0222222222, 0.0000000000, 1],
    [0.0166666667, 0.0166666667, 0.0000000000, 1],
    [0.0111111111, 0.0111111111, 0.0000000000, 1],
    [0.0055555556, 0.0055555556, 0.0000000000, 1],
    [0.0000000000, 0.0000000000, 0.0000000000, 1],
    [0.0000000000, 0.0000000000, 0.0185185185, 1],
    [0.0000000000, 0.0000000000, 0.0370370370, 1],
    [0.0000000000, 0.0000000000, 0.0555555556, 1],
    [0.0000000000, 0.0000000000, 0.0740740741, 1],
    [0.0000000000, 0.0000000000, 0.0925925926, 1],
    [0.0000000000, 0.0000000000, 0.1111111111, 1],
    [0.0000000000, 0.0000000000, 0.1296296296, 1],
    [0.0000000000, 0.0000000000, 0.1481481481, 1],
    [0.0000000000, 0.0000000000, 0.1666666667, 1],
    [0.0000000000, 0.0000000000, 0.1851851852, 1],
    [0.0000000000, 0.0000000000, 0.2037037037, 1],
    [0.0000000000, 0.0000000000, 0.2222222222, 1],
    [0.0000000000, 0.0000000000, 0.2407407407, 1],
    [0.0000000000, 0.0000000000, 0.2592592593, 1],
    [0.0000000000, 0.0000000000, 0.2777777778, 1],
    [0.0000000000, 0.0000000000, 0.2962962963, 1],
    [0.0000000000, 0.0000000000, 0.3148148148, 1],
    [0.0000000000, 0.0000000000, 0.3333333333, 1],
    [0.0000000000, 0.0000000000, 0.3518518519, 1],
    [0.0000000000, 0.0000000000, 0.3703703704, 1],
    [0.0000000000, 0.0000000000, 0.3888888889, 1],
    [0.0000000000, 0.0000000000, 0.4074074074, 1],
    [0.0000000000, 0.0000000000, 0.4259259259, 1],
    [0.0000000000, 0.0000000000, 0.4444444444, 1],
    [0.0000000000, 0.0000000000, 0.4629629630, 1],
    [0.0000000000, 0.0000000000, 0.4814814815, 1],
    [0.0000000000, 0.0000000000, 0.5000000000, 1],
    [0.0096153846, 0.0000000000, 0.5000000000, 1],
    [0.0192307692, 0.0000000000, 0.5000000000, 1],
    [0.0288461538, 0.0000000000, 0.5000000000, 1],
    [0.0384615385, 0.0000000000, 0.5000000000, 1],
    [0.0480769231, 0.0000000000, 0.5000000000, 1],
    [0.0576923077, 0.0000000000, 0.5000000000, 1],
    [0.0673076923, 0.0000000000, 0.5000000000, 1],
    [0.0769230769, 0.0000000000, 0.5000000000, 1],
    [0.0865384615, 0.0000000000, 0.5000000000, 1],
    [0.0961538462, 0.0000000000, 0.5000000000, 1],
    [0.1057692308, 0.0000000000, 0.5000000000, 1],
    [0.1153846154, 0.0000000000, 0.5000000000, 1],
    [0.1250000000, 0.0000000000, 0.5000000000, 1],
    [0.1346153846, 0.0000000000, 0.5000000000, 1],
    [0.1442307692, 0.0000000000, 0.5000000000, 1],
    [0.1538461538, 0.0000000000, 0.5000000000, 1],
    [0.1634615385, 0.0000000000, 0.5000000000, 1],
    [0.1730769231, 0.0000000000, 0.5000000000, 1],
    [0.1826923077, 0.0000000000, 0.5000000000, 1],
    [0.1923076923, 0.0000000000, 0.5000000000, 1],
    [0.2019230769, 0.0000000000, 0.5000000000, 1],
    [0.2115384615, 0.0000000000, 0.5000000000, 1],
    [0.2211538462, 0.0000000000, 0.5000000000, 1],
    [0.2307692308, 0.0000000000, 0.5000000000, 1],
    [0.2403846154, 0.0000000000, 0.5000000000, 1],
    [0.2500000000, 0.0000000000, 0.5000000000, 1],
    [0.2596153846, 0.0000000000, 0.5000000000, 1],
    [0.2692307692, 0.0000000000, 0.5000000000, 1],
    [0.2788461538, 0.0000000000, 0.5000000000, 1],
    [0.2884615385, 0.0000000000, 0.5000000000, 1],
    [0.2980769231, 0.0000000000, 0.5000000000, 1],
    [0.3076923077, 0.0000000000, 0.5000000000, 1],
    [0.3173076923, 0.0000000000, 0.5000000000, 1],
    [0.3269230769, 0.0000000000, 0.5000000000, 1],
    [0.3365384615, 0.0000000000, 0.5000000000, 1],
    [0.3461538462, 0.0000000000, 0.5000000000, 1],
    [0.3557692308, 0.0000000000, 0.5000000000, 1],
    [0.3653846154, 0.0000000000, 0.5000000000, 1],
    [0.3750000000, 0.0000000000, 0.5000000000, 1],
    [0.3846153846, 0.0000000000, 0.5000000000, 1],
    [0.3942307692, 0.0000000000, 0.5000000000, 1],
    [0.4038461538, 0.0000000000, 0.5000000000, 1],
    [0.4134615385, 0.0000000000, 0.5000000000, 1],
    [0.4230769231, 0.0000000000, 0.5000000000, 1],
    [0.4326923077, 0.0000000000, 0.5000000000, 1],
    [0.4423076923, 0.0000000000, 0.5000000000, 1],
    [0.4519230769, 0.0000000000, 0.5000000000, 1],
    [0.4615384615, 0.0000000000, 0.5000000000, 1],
    [0.4711538462, 0.0000000000, 0.5000000000, 1],
    [0.4807692308, 0.0000000000, 0.5000000000, 1],
    [0.4903846154, 0.0000000000, 0.5000000000, 1],
    [0.5000000000, 0.0000000000, 0.5000000000, 1],
    [0.4942528736, 0.0114942529, 0.5000000000, 1],
    [0.4885057471, 0.0229885057, 0.5000000000, 1],
    [0.4827586207, 0.0344827586, 0.5000000000, 1],
    [0.4770114943, 0.0459770115, 0.5000000000, 1],
    [0.4712643678, 0.0574712644, 0.5000000000, 1],
    [0.4655172414, 0.0689655172, 0.5000000000, 1],
    [0.4597701149, 0.0804597701, 0.5000000000, 1],
    [0.4540229885, 0.0919540230, 0.5000000000, 1],
    [0.4482758621, 0.1034482759, 0.5000000000, 1],
    [0.4425287356, 0.1149425287, 0.5000000000, 1],
    [0.4367816092, 0.1264367816, 0.5000000000, 1],
    [0.4310344828, 0.1379310345, 0.5000000000, 1],
    [0.4252873563, 0.1494252874, 0.5000000000, 1],
    [0.4195402299, 0.1609195402, 0.5000000000, 1],
    [0.4137931034, 0.1724137931, 0.5000000000, 1],
    [0.4080459770, 0.1839080460, 0.5000000000, 1],
    [0.4022988506, 0.1954022989, 0.5000000000, 1],
    [0.3965517241, 0.2068965517, 0.5000000000, 1],
    [0.3908045977, 0.2183908046, 0.5000000000, 1],
    [0.3850574713, 0.2298850575, 0.5000000000, 1],
    [0.3793103448, 0.2413793103, 0.5000000000, 1],
    [0.3735632184, 0.2528735632, 0.5000000000, 1],
    [0.3678160920, 0.2643678161, 0.5000000000, 1],
    [0.3620689655, 0.2758620690, 0.5000000000, 1],
    [0.3563218391, 0.2873563218, 0.5000000000, 1],
    [0.3505747126, 0.2988505747, 0.5000000000, 1],
    [0.3448275862, 0.3103448276, 0.5000000000, 1],
    [0.3390804598, 0.3218390805, 0.5000000000, 1],
    [0.3333333333, 0.3333333333, 0.5000000000, 1],
    [0.3277777778, 0.3277777778, 0.5000000000, 1],
    [0.3222222222, 0.3222222222, 0.5000000000, 1],
    [0.3166666667, 0.3166666667, 0.5000000000, 1],
    [0.3111111111, 0.3111111111, 0.5000000000, 1],
    [0.3055555556, 0.3055555556, 0.5000000000, 1],
    [0.3000000000, 0.3000000000, 0.5000000000, 1],
    [0.2944444444, 0.2944444444, 0.5000000000, 1],
    [0.2888888889, 0.2888888889, 0.5000000000, 1],
    [0.2833333333, 0.2833333333, 0.5000000000, 1],
    [0.2777777778, 0.2777777778, 0.5000000000, 1],
    [0.2722222222, 0.2722222222, 0.5000000000, 1],
    [0.2666666667, 0.2666666667, 0.5000000000, 1],
    [0.2611111111, 0.2611111111, 0.5000000000, 1],
    [0.2555555556, 0.2555555556, 0.5000000000, 1],
    [0.2500000000, 0.2500000000, 0.5000000000, 1],
    [0.2444444444, 0.2444444444, 0.5000000000, 1],
    [0.2388888889, 0.2388888889, 0.5000000000, 1],
    [0.2333333333, 0.2333333333, 0.5000000000, 1],
    [0.2277777778, 0.2277777778, 0.5000000000, 1],
    [0.2222222222, 0.2222222222, 0.5000000000, 1],
    [0.2166666667, 0.2166666667, 0.5000000000, 1],
    [0.2111111111, 0.2111111111, 0.5000000000, 1],
    [0.2055555556, 0.2055555556, 0.5000000000, 1],
    [0.2000000000, 0.2000000000, 0.5000000000, 1],
    [0.1944444444, 0.1944444444, 0.5000000000, 1],
    [0.1888888889, 0.1888888889, 0.5000000000, 1],
    [0.1833333333, 0.1833333333, 0.5000000000, 1],
    [0.1777777778, 0.1777777778, 0.5000000000, 1],
    [0.1722222222, 0.1722222222, 0.5000000000, 1],
    [0.1666666667, 0.1666666667, 0.5000000000, 1],
    [0.1611111111, 0.1611111111, 0.5000000000, 1],
    [0.1555555556, 0.1555555556, 0.5000000000, 1],
    [0.1500000000, 0.1500000000, 0.5000000000, 1],
    [0.1444444444, 0.1444444444, 0.5000000000, 1],
    [0.1388888889, 0.1388888889, 0.5000000000, 1],
    [0.1333333333, 0.1333333333, 0.5000000000, 1],
    [0.1277777778, 0.1277777778, 0.5000000000, 1],
    [0.1222222222, 0.1222222222, 0.5000000000, 1],
    [0.1166666667, 0.1166666667, 0.5000000000, 1],
    [0.1111111111, 0.1111111111, 0.5000000000, 1],
    [0.1055555556, 0.1055555556, 0.5000000000, 1],
    [0.1000000000, 0.1000000000, 0.5000000000, 1],
    [0.0944444444, 0.0944444444, 0.5000000000, 1],
    [0.0888888889, 0.0888888889, 0.5000000000, 1],
    [0.0833333333, 0.0833333333, 0.5000000000, 1],
    [0.0777777778, 0.0777777778, 0.5000000000, 1],
    [0.0722222222, 0.0722222222, 0.5000000000, 1],
    [0.0666666667, 0.0666666667, 0.5000000000, 1],
    [0.0611111111, 0.0611111111, 0.5000000000, 1],
    [0.0555555556, 0.0555555556, 0.5000000000, 1],
    [0.0500000000, 0.0500000000, 0.5000000000, 1],
    [0.0444444444, 0.0444444444, 0.5000000000, 1],
    [0.0388888889, 0.0388888889, 0.5000000000, 1],
    [0.0333333333, 0.0333333333, 0.5000000000, 1],
    [0.0277777778, 0.0277777778, 0.5000000000, 1],
    [0.0222222222, 0.0222222222, 0.5000000000, 1],
    [0.0166666667, 0.0166666667, 0.5000000000, 1],
    [0.0111111111, 0.0111111111, 0.5000000000, 1],
    [0.0055555556, 0.0055555556, 0.5000000000, 1],
    [0.0000000000, 0.0000000000, 0.5000000000, 1],
    [0.5000000000, 0.0000000000, 0.5000000000, 1],
    [0.5000000000, 0.0000000000, 0.4814814815, 1],
    [0.5000000000, 0.0000000000, 0.4629629630, 1],
    [0.5000000000, 0.0000000000, 0.4444444444, 1],
    [0.5000000000, 0.0000000000, 0.4259259259, 1],
    [0.5000000000, 0.0000000000, 0.4074074074, 1],
    [0.5000000000, 0.0000000000, 0.3888888889, 1],
    [0.5000000000, 0.0000000000, 0.3703703704, 1],
    [0.5000000000, 0.0000000000, 0.3518518519, 1],
    [0.5000000000, 0.0000000000, 0.3333333333, 1],
    [0.5000000000, 0.0000000000, 0.3148148148, 1],
    [0.5000000000, 0.0000000000, 0.2962962963, 1],
    [0.5000000000, 0.0000000000, 0.2777777778, 1],
    [0.5000000000, 0.0000000000, 0.2592592593, 1],
    [0.5000000000, 0.0000000000, 0.2407407407, 1],
    [0.5000000000, 0.0000000000, 0.2222222222, 1],
    [0.5000000000, 0.0000000000, 0.2037037037, 1],
    [0.5000000000, 0.0000000000, 0.1851851852, 1],
    [0.5000000000, 0.0000000000, 0.1666666667, 1],
    [0.5000000000, 0.0000000000, 0.1481481481, 1],
    [0.5000000000, 0.0000000000, 0.1296296296, 1],
    [0.5000000000, 0.0000000000, 0.1111111111, 1],
    [0.5000000000, 0.0000000000, 0.0925925926, 1],
    [0.5000000000, 0.0000000000, 0.0740740741, 1],
    [0.5000000000, 0.0000000000, 0.0555555556, 1],
    [0.5000000000, 0.0000000000, 0.0370370370, 1],
    [0.5000000000, 0.0000000000, 0.0185185185, 1],
    [0.5000000000, 0.0000000000, 0.0000000000, 1],
    [0.3333333333, 0.3333333333, 0.5000000000, 1],
    [0.3333333333, 0.3333333333, 0.4814814815, 1],
    [0.3333333333, 0.3333333333, 0.4629629630, 1],
    [0.3333333333, 0.3333333333, 0.4444444444, 1],
    [0.3333333333, 0.3333333333, 0.4259259259, 1],
    [0.3333333333, 0.3333333333, 0.4074074074, 1],
    [0.3333333333, 0.3333333333, 0.3888888889, 1],
    [0.3333333333, 0.3333333333, 0.3703703704, 1],
    [0.3333333333, 0.3333333333, 0.3518518519, 1],
    [0.3333333333, 0.3333333333, 0.3333333333, 1],
    [0.3333333333, 0.3333333333, 0.3148148148, 1],
    [0.3333333333, 0.3333333333, 0.2962962963, 1],
    [0.3333333333, 0.3333333333, 0.2777777778, 1],
    [0.3333333333, 0.3333333333, 0.2592592593, 1],
    [0.3333333333, 0.3333333333, 0.2407407407, 1],
    [0.3333333333, 0.3333333333, 0.2222222222, 1],
    [0.3333333333, 0.3333333333, 0.2037037037, 1],
    [0.3333333333, 0.3333333333, 0.1851851852, 1],
    [0.3333333333, 0.3333333333, 0.1666666667, 1],
    [0.3333333333, 0.3333333333, 0.1481481481, 1],
    [0.3333333333, 0.3333333333, 0.1296296296, 1],
    [0.3333333333, 0.3333333333, 0.1111111111, 1],
    [0.3333333333, 0.3333333333, 0.0925925926, 1],
    [0.3333333333, 0.3333333333, 0.0740740741, 1],
    [0.3333333333, 0.3333333333, 0.0555555556, 1],
    [0.3333333333, 0.3333333333, 0.0370370370, 1],
    [0.3333333333, 0.3333333333, 0.0185185185, 1],
    [0.3333333333, 0.3333333333, 0.0000000000, 1],
    [0.0000000000, 0.0000000000, 0.0000000000, 1],
    [-0.0096153846, 0.0000000000, 0.0000000000, 1],
    [-0.0192307692, 0.0000000000, 0.0000000000, 1],
    [-0.0288461538, 0.0000000000, 0.0000000000, 1],
    [-0.0384615385, 0.0000000000, 0.0000000000, 1],
    [-0.0480769231, 0.0000000000, 0.0000000000, 1],
    [-0.0576923077, 0.0000000000, 0.0000000000, 1],
    [-0.0673076923, 0.0000000000, 0.0000000000, 1],
    [-0.0769230769, 0.0000000000, 0.0000000000, 1],
    [-0.0865384615, 0.0000000000, 0.0000000000, 1],
    [-0.0961538462, 0.0000000000, 0.0000000000, 1],
    [-0.1057692308, 0.0000000000, 0.0000000000, 1],
    [-0.1153846154, 0.0000000000, 0.0000000000, 1],
    [-0.1250000000, 0.0000000000, 0.0000000000, 1],
    [-0.1346153846, 0.0000000000, 0.0000000000, 1],
    [-0.1442307692, 0.0000000000, 0.0000000000, 1],
    [-0.1538461538, 0.0000000000, 0.0000000000, 1],
    [-0.1634615385, 0.0000000000, 0.0000000000, 1],
    [-0.1730769231, 0.0000000000, 0.0000000000, 1],
    [-0.1826923077, 0.0000000000, 0.0000000000, 1],
    [-0.1923076923, 0.0000000000, 0.0000000000, 1],
    [-0.2019230769, 0.0000000000, 0.0000000000, 1],
    [-0.2115384615, 0.0000000000, 0.0000000000, 1],
    [-0.2211538462, 0.0000000000, 0.0000000000, 1],
    [-0.2307692308, 0.0000000000, 0.0000000000, 1],
    [-0.2403846154, 0.0000000000, 0.0000000000, 1],
    [-0.2500000000, 0.0000000000, 0.0000000000, 1],
    [-0.2596153846, 0.0000000000, 0.0000000000, 1],
    [-0.2692307692, 0.0000000000, 0.0000000000, 1],
    [-0.2788461538, 0.0000000000, 0.0000000000, 1],
    [-0.2884615385, 0.0000000000, 0.0000000000, 1],
    [-0.2980769231, 0.0000000000, 0.0000000000, 1],
    [-0.3076923077, 0.0000000000, 0.0000000000, 1],
    [-0.3173076923, 0.0000000000, 0.0000000000, 1],
    [-0.3269230769, 0.0000000000, 0.0000000000, 1],
    [-0.3365384615, 0.0000000000, 0.0000000000, 1],
    [-0.3461538462, 0.0000000000, 0.0000000000, 1],
    [-0.3557692308, 0.0000000000, 0.0000000000, 1],
    [-0.3653846154, 0.0000000000, 0.0000000000, 1],
    [-0.3750000000, 0.0000000000, 0.0000000000, 1],
    [-0.3846153846, 0.0000000000, 0.0000000000, 1],
    [-0.3942307692, 0.0000000000, 0.0000000000, 1],
    [-0.4038461538, 0.0000000000, 0.0000000000, 1],
    [-0.4134615385, 0.0000000000, 0.0000000000, 1],
    [-0.4230769231, 0.0000000000, 0.0000000000, 1],
    [-0.4326923077, 0.0000000000, 0.0000000000, 1],
    [-0.4423076923, 0.0000000000, 0.0000000000, 1],
    [-0.4519230769, 0.0000000000, 0.0000000000, 1],
    [-0.4615384615, 0.0000000000, 0.0000000000, 1],
    [-0.4711538462, 0.0000000000, 0.0000000000, 1],
    [-0.4807692308, 0.0000000000, 0.0000000000, 1],
    [-0.4903846154, 0.0000000000, 0.0000000000, 1],
    [-0.5000000000, 0.0000000000, 0.0000000000, 1],
    [-0.4942528736, -0.0114942529, 0.0000000000, 1],
    [-0.4885057471, -0.0229885057, 0.0000000000, 1],
    [-0.4827586207, -0.0344827586, 0.0000000000, 1],
    [-0.4770114943, -0.0459770115, 0.0000000000, 1],
    [-0.4712643678, -0.0574712644, 0.0000000000, 1],
    [-0.4655172414, -0.0689655172, 0.0000000000, 1],
    [-0.4597701149, -0.0804597701, 0.0000000000, 1],
    [-0.4540229885, -0.0919540230, 0.0000000000, 1],
    [-0.4482758621, -0.1034482759, 0.0000000000, 1],
    [-0.4425287356, -0.1149425287, 0.0000000000, 1],
    [-0.4367816092, -0.1264367816, 0.0000000000, 1],
    [-0.4310344828, -0.1379310345, 0.0000000000, 1],
    [-0.4252873563, -0.1494252874, 0.0000000000, 1],
    [-0.4195402299, -0.1609195402, 0.0000000000, 1],
    [-0.4137931034, -0.1724137931, 0.0000000000, 1],
    [-0.4080459770, -0.1839080460, 0.0000000000, 1],
    [-0.4022988506, -0.1954022989, 0.0000000000, 1],
    [-0.3965517241, -0.2068965517, 0.0000000000, 1],
    [-0.3908045977, -0.2183908046, 0.0000000000, 1],
    [-0.3850574713, -0.2298850575, 0.0000000000, 1],
    [-0.3793103448, -0.2413793103, 0.0000000000, 1],
    [-0.3735632184, -0.2528735632, 0.0000000000, 1],
    [-0.3678160920, -0.2643678161, 0.0000000000, 1],
    [-0.3620689655, -0.2758620690, 0.0000000000, 1],
    [-0.3563218391, -0.2873563218, 0.0000000000, 1],
    [-0.3505747126, -0.2988505747, 0.0000000000, 1],
    [-0.3448275862, -0.3103448276, 0.0000000000, 1],
    [-0.3390804598, -0.3218390805, 0.0000000000, 1],
    [-0.3333333333, -0.3333333333, 0.0000000000, 1],
    [-0.3277777778, -0.3277777778, 0.0000000000, 1],
    [-0.3222222222, -0.3222222222, 0.0000000000, 1],
    [-0.3166666667, -0.3166666667, 0.0000000000, 1],
    [-0.3111111111, -0.3111111111, 0.0000000000, 1],
    [-0.3055555556, -0.3055555556, 0.0000000000, 1],
    [-0.3000000000, -0.3000000000, 0.0000000000, 1],
    [-0.2944444444, -0.2944444444, 0.0000000000, 1],
    [-0.2888888889, -0.2888888889, 0.0000000000, 1],
    [-0.2833333333, -0.2833333333, 0.0000000000, 1],
    [-0.2777777778, -0.2777777778, 0.0000000000, 1],
    [-0.2722222222, -0.2722222222, 0.0000000000, 1],
    [-0.2666666667, -0.2666666667, 0.0000000000, 1],
    [-0.2611111111, -0.2611111111, 0.0000000000, 1],
    [-0.2555555556, -0.2555555556, 0.0000000000, 1],
    [-0.2500000000, -0.2500000000, 0.0000000000, 1],
    [-0.2444444444, -0.2444444444, 0.0000000000, 1],
    [-0.2388888889, -0.2388888889, 0.0000000000, 1],
    [-0.2333333333, -0.2333333333, 0.0000000000, 1],
    [-0.2277777778, -0.2277777778, 0.0000000000, 1],
    [-0.2222222222, -0.2222222222, 0.0000000000, 1],
    [-0.2166666667, -0.2166666667, 0.0000000000, 1],
    [-0.2111111111, -0.2111111111, 0.0000000000, 1],
    [-0.2055555556, -0.2055555556, 0.0000000000, 1],
    [-0.2000000000, -0.2000000000, 0.0000000000, 1],
    [-0.1944444444, -0.1944444444, 0.0000000000, 1],
    [-0.1888888889, -0.1888888889, 0.0000000000, 1],
    [-0.1833333333, -0.1833333333, 0.0000000000, 1],
    [-0.1777777778, -0.1777777778, 0.0000000000, 1],
    [-0.1722222222, -0.1722222222, 0.0000000000, 1],
    [-0.1666666667, -0.1666666667, 0.0000000000, 1],
    [-0.1611111111, -0.1611111111, 0.0000000000, 1],
    [-0.1555555556, -0.1555555556, 0.0000000000, 1],
    [-0.1500000000, -0.1500000000, 0.0000000000, 1],
    [-0.1444444444, -0.1444444444, 0.0000000000, 1],
    [-0.1388888889, -0.1388888889, 0.0000000000, 1],
    [-0.1333333333, -0.1333333333, 0.0000000000, 1],
    [-0.1277777778, -0.1277777778, 0.0000000000, 1],
    [-0.1222222222, -0.1222222222, 0.0000000000, 1],
    [-0.1166666667, -0.1166666667, 0.0000000000, 1],
    [-0.1111111111, -0.1111111111, 0.0000000000, 1],
    [-0.1055555556, -0.1055555556, 0.0000000000, 1],
    [-0.1000000000, -0.1000000000, 0.0000000000, 1],
    [-0.0944444444, -0.0944444444, 0.0000000000, 1],
    [-0.0888888889, -0.0888888889, 0.0000000000, 1],
    [-0.0833333333, -0.0833333333, 0.0000000000, 1],
    [-0.0777777778, -0.0777777778, 0.0000000000, 1],
    [-0.0722222222, -0.0722222222, 0.0000000000, 1],
    [-0.0666666667, -0.0666666667, 0.0000000000, 1],
    [-0.0611111111, -0.0611111111, 0.0000000000, 1],
    [-0.0555555556, -0.0555555556, 0.0000000000, 1],
    [-0.0500000000, -0.0500000000, 0.0000000000, 1],
    [-0.0444444444, -0.0444444444, 0.0000000000, 1],
    [-0.0388888889, -0.0388888889, 0.0000000000, 1],
    [-0.0333333333, -0.0333333333, 0.0000000000, 1],
    [-0.0277777778, -0.0277777778, 0.0000000000, 1],
    [-0.0222222222, -0.0222222222, 0.0000000000, 1],
    [-0.0166666667, -0.0166666667, 0.0000000000, 1],
    [-0.0111111111, -0.0111111111, 0.0000000000, 1],
    [-0.0055555556, -0.0055555556, 0.0000000000, 1],
    [0.0000000000, 0.0000000000, 0.0000000000, 1],
    [0.0000000000, 0.0000000000, -0.0185185185, 1],
    [0.0000000000, 0.0000000000, -0.0370370370, 1],
    [0.0000000000, 0.0000000000, -0.0555555556, 1],
    [0.0000000000, 0.0000000000, -0.0740740741, 1],
    [0.0000000000, 0.0000000000, -0.0925925926, 1],
    [0.0000000000, 0.0000000000, -0.1111111111, 1],
    [0.0000000000, 0.0000000000, -0.1296296296, 1],
    [0.0000000000, 0.0000000000, -0.1481481481, 1],
    [0.0000000000, 0.0000000000, -0.1666666667, 1],
    [0.0000000000, 0.0000000000, -0.1851851852, 1],
    [0.0000000000, 0.0000000000, -0.2037037037, 1],
    [0.0000000000, 0.0000000000, -0.2222222222, 1],
    [0.0000000000, 0.0000000000, -0.2407407407, 1],
    [0.0000000000, 0.0000000000, -0.2592592593, 1],
    [0.0000000000, 0.0000000000, -0.2777777778, 1],
    [0.0000000000, 0.0000000000, -0.2962962963, 1],
    [0.0000000000, 0.0000000000, -0.3148148148, 1],
    [0.0000000000, 0.0000000000, -0.3333333333, 1],
    [0.0000000000, 0.0000000000, -0.3518518519, 1],
    [0.0000000000, 0.0000000000, -0.3703703704, 1],
    [0.0000000000, 0.0000000000, -0.3888888889, 1],
    [0.0000000000, 0.0000000000, -0.4074074074, 1],
    [0.0000000000, 0.0000000000, -0.4259259259, 1],
    [0.0000000000, 0.0000000000, -0.4444444444, 1],
    [0.0000000000, 0.0000000000, -0.4629629630, 1],
    [0.0000000000, 0.0000000000, -0.4814814815, 1],
    [0.0000000000, 0.0000000000, -0.5000000000, 1],
    [-0.0096153846, 0.0000000000, -0.5000000000, 1],
    [-0.0192307692, 0.0000000000, -0.5000000000, 1],
    [-0.0288461538, 0.0000000000, -0.5000000000, 1],
    [-0.0384615385, 0.0000000000, -0.5000000000, 1],
    [-0.0480769231, 0.0000000000, -0.5000000000, 1],
    [-0.0576923077, 0.0000000000, -0.5000000000, 1],
    [-0.0673076923, 0.0000000000, -0.5000000000, 1],
    [-0.0769230769, 0.0000000000, -0.5000000000, 1],
    [-0.0865384615, 0.0000000000, -0.5000000000, 1],
    [-0.0961538462, 0.0000000000, -0.5000000000, 1],
    [-0.1057692308, 0.0000000000, -0.5000000000, 1],
    [-0.1153846154, 0.0000000000, -0.5000000000, 1],
    [-0.1250000000, 0.0000000000, -0.5000000000, 1],
    [-0.1346153846, 0.0000000000, -0.5000000000, 1],
    [-0.1442307692, 0.0000000000, -0.5000000000, 1],
    [-0.1538461538, 0.0000000000, -0.5000000000, 1],
    [-0.1634615385, 0.0000000000, -0.5000000000, 1],
    [-0.1730769231, 0.0000000000, -0.5000000000, 1],
    [-0.1826923077, 0.0000000000, -0.5000000000, 1],
    [-0.1923076923, 0.0000000000, -0.5000000000, 1],
    [-0.2019230769, 0.0000000000, -0.5000000000, 1],
    [-0.2115384615, 0.0000000000, -0.5000000000, 1],
    [-0.2211538462, 0.0000000000, -0.5000000000, 1],
    [-0.2307692308, 0.0000000000, -0.5000000000, 1],
    [-0.2403846154, 0.0000000000, -0.5000000000, 1],
    [-0.2500000000, 0.0000000000, -0.5000000000, 1],
    [-0.2596153846, 0.0000000000, -0.5000000000, 1],
    [-0.2692307692, 0.0000000000, -0.5000000000, 1],
    [-0.2788461538, 0.0000000000, -0.5000000000, 1],
    [-0.2884615385, 0.0000000000, -0.5000000000, 1],
    [-0.2980769231, 0.0000000000, -0.5000000000, 1],
    [-0.3076923077, 0.0000000000, -0.5000000000, 1],
    [-0.3173076923, 0.0000000000, -0.5000000000, 1],
    [-0.3269230769, 0.0000000000, -0.5000000000, 1],
    [-0.3365384615, 0.0000000000, -0.5000000000, 1],
    [-0.3461538462, 0.0000000000, -0.5000000000, 1],
    [-0.3557692308, 0.0000000000, -0.5000000000, 1],
    [-0.3653846154, 0.0000000000, -0.5000000000, 1],
    [-0.3750000000, 0.0000000000, -0.5000000000, 1],
    [-0.3846153846, 0.0000000000, -0.5000000000, 1],
    [-0.3942307692, 0.0000000000, -0.5000000000, 1],
    [-0.4038461538, 0.0000000000, -0.5000000000, 1],
    [-0.4134615385, 0.0000000000, -0.5000000000, 1],
    [-0.4230769231, 0.0000000000, -0.5000000000, 1],
    [-0.4326923077, 0.0000000000, -0.5000000000, 1],
    [-0.4423076923, 0.0000000000, -0.5000000000, 1],
    [-0.4519230769, 0.0000000000, -0.5000000000, 1],
    [-0.4615384615, 0.0000000000, -0.5000000000, 1],
    [-0.4711538462, 0.0000000000, -0.5000000000, 1],
    [-0.4807692308, 0.0000000000, -0.5000000000, 1],
    [-0.4903846154, 0.0000000000, -0.5000000000, 1],
    [-0.5000000000, 0.0000000000, -0.5000000000, 1],
    [-0.4942528736, -0.0114942529, -0.5000000000, 1],
    [-0.4885057471, -0.0229885057, -0.5000000000, 1],
    [-0.4827586207, -0.0344827586, -0.5000000000, 1],
    [-0.4770114943, -0.0459770115, -0.5000000000, 1],
    [-0.4712643678, -0.0574712644, -0.5000000000, 1],
    [-0.4655172414, -0.0689655172, -0.5000000000, 1],
    [-0.4597701149, -0.0804597701, -0.5000000000, 1],
    [-0.4540229885, -0.0919540230, -0.5000000000, 1],
    [-0.4482758621, -0.1034482759, -0.5000000000, 1],
    [-0.4425287356, -0.1149425287, -0.5000000000, 1],
    [-0.4367816092, -0.1264367816, -0.5000000000, 1],
    [-0.4310344828, -0.1379310345, -0.5000000000, 1],
    [-0.4252873563, -0.1494252874, -0.5000000000, 1],
    [-0.4195402299, -0.1609195402, -0.5000000000, 1],
    [-0.4137931034, -0.1724137931, -0.5000000000, 1],
    [-0.4080459770, -0.1839080460, -0.5000000000, 1],
    [-0.4022988506, -0.1954022989, -0.5000000000, 1],
    [-0.3965517241, -0.2068965517, -0.5000000000, 1],
    [-0.3908045977, -0.2183908046, -0.5000000000, 1],
    [-0.3850574713, -0.2298850575, -0.5000000000, 1],
    [-0.3793103448, -0.2413793103, -0.5000000000, 1],
    [-0.3735632184, -0.2528735632, -0.5000000000, 1],
    [-0.3678160920, -0.2643678161, -0.5000000000, 1],
    [-0.3620689655, -0.2758620690, -0.5000000000, 1],
    [-0.3563218391, -0.2873563218, -0.5000000000, 1],
    [-0.3505747126, -0.2988505747, -0.5000000000, 1],
    [-0.3448275862, -0.3103448276, -0.5000000000, 1],
    [-0.3390804598, -0.3218390805, -0.5000000000, 1],
    [-0.3333333333, -0.3333333333, -0.5000000000, 1],
    [-0.3277777778, -0.3277777778, -0.5000000000, 1],
    [-0.3222222222, -0.3222222222, -0.5000000000, 1],
    [-0.3166666667, -0.3166666667, -0.5000000000, 1],
    [-0.3111111111, -0.3111111111, -0.5000000000, 1],
    [-0.3055555556, -0.3055555556, -0.5000000000, 1],
    [-0.3000000000, -0.3000000000, -0.5000000000, 1],
    [-0.2944444444, -0.2944444444, -0.5000000000, 1],
    [-0.2888888889, -0.2888888889, -0.5000000000, 1],
    [-0.2833333333, -0.2833333333, -0.5000000000, 1],
    [-0.2777777778, -0.2777777778, -0.5000000000, 1],
    [-0.2722222222, -0.2722222222, -0.5000000000, 1],
    [-0.2666666667, -0.2666666667, -0.5000000000, 1],
    [-0.2611111111, -0.2611111111, -0.5000000000, 1],
    [-0.2555555556, -0.2555555556, -0.5000000000, 1],
    [-0.2500000000, -0.2500000000, -0.5000000000, 1],
    [-0.2444444444, -0.2444444444, -0.5000000000, 1],
    [-0.2388888889, -0.2388888889, -0.5000000000, 1],
    [-0.2333333333, -0.2333333333, -0.5000000000, 1],
    [-0.2277777778, -0.2277777778, -0.5000000000, 1],
    [-0.2222222222, -0.2222222222, -0.5000000000, 1],
    [-0.2166666667, -0.2166666667, -0.5000000000, 1],
    [-0.2111111111, -0.2111111111, -0.5000000000, 1],
    [-0.2055555556, -0.2055555556, -0.5000000000, 1],
    [-0.2000000000, -0.2000000000, -0.5000000000, 1],
    [-0.1944444444, -0.1944444444, -0.5000000000, 1],
    [-0.1888888889, -0.1888888889, -0.5000000000, 1],
    [-0.1833333333, -0.1833333333, -0.5000000000, 1],
    [-0.1777777778, -0.1777777778, -0.5000000000, 1],
    [-0.1722222222, -0.1722222222, -0.5000000000, 1],
    [-0.1666666667, -0.1666666667, -0.5000000000, 1],
    [-0.1611111111, -0.1611111111, -0.5000000000, 1],
    [-0.1555555556, -0.1555555556, -0.5000000000, 1],
    [-0.1500000000, -0.1500000000, -0.5000000000, 1],
    [-0.1444444444, -0.1444444444, -0.5000000000, 1],
    [-0.1388888889, -0.1388888889, -0.5000000000, 1],
    [-0.1333333333, -0.1333333333, -0.5000000000, 1],
    [-0.1277777778, -0.1277777778, -0.5000000000, 1],
    [-0.1222222222, -0.1222222222, -0.5000000000, 1],
    [-0.1166666667, -0.1166666667, -0.5000000000, 1],
    [-0.1111111111, -0.1111111111, -0.5000000000, 1],
    [-0.1055555556, -0.1055555556, -0.5000000000, 1],
    [-0.1000000000, -0.1000000000, -0.5000000000, 1],
    [-0.0944444444, -0.0944444444, -0.5000000000, 1],
    [-0.0888888889, -0.0888888889, -0.5000000000, 1],
    [-0.0833333333, -0.0833333333, -0.5000000000, 1],
    [-0.0777777778, -0.0777777778, -0.5000000000, 1],
    [-0.0722222222, -0.0722222222, -0.5000000000, 1],
    [-0.0666666667, -0.0666666667, -0.5000000000, 1],
    [-0.0611111111, -0.0611111111, -0.5000000000, 1],
    [-0.0555555556, -0.0555555556, -0.5000000000, 1],
    [-0.0500000000, -0.0500000000, -0.5000000000, 1],
    [-0.0444444444, -0.0444444444, -0.5000000000, 1],
    [-0.0388888889, -0.0388888889, -0.5000000000, 1],
    [-0.0333333333, -0.0333333333, -0.5000000000, 1],
    [-0.0277777778, -0.0277777778, -0.5000000000, 1],
    [-0.0222222222, -0.0222222222, -0.5000000000, 1],
    [-0.0166666667, -0.0166666667, -0.5000000000, 1],
    [-0.0111111111, -0.0111111111, -0.5000000000, 1],
    [-0.0055555556, -0.0055555556, -0.5000000000, 1],
    [0.0000000000, 0.0000000000, -0.5000000000, 1],
    [-0.5000000000, 0.0000000000, -0.5000000000, 1],
    [-0.5000000000, 0.0000000000, -0.4814814815, 1],
    [-0.5000000000, 0.0000000000, -0.4629629630, 1],
    [-0.5000000000, 0.0000000000, -0.4444444444, 1],
    [-0.5000000000, 0.0000000000, -0.4259259259, 1],
    [-0.5000000000, 0.0000000000, -0.4074074074, 1],
    [-0.5000000000, 0.0000000000, -0.3888888889, 1],
    [-0.5000000000, 0.0000000000, -0.3703703704, 1],
    [-0.5000000000, 0.0000000000, -0.3518518519, 1],
    [-0.5000000000, 0.0000000000, -0.3333333333, 1],
    [-0.5000000000, 0.0000000000, -0.3148148148, 1],
    [-0.5000000000, 0.0000000000, -0.2962962963, 1],
    [-0.5000000000, 0.0000000000, -0.2777777778, 1],
    [-0.5000000000, 0.0000000000, -0.2592592593, 1],
    [-0.5000000000, 0.0000000000, -0.2407407407, 1],
    [-0.5000000000, 0.0000000000, -0.2222222222, 1],
    [-0.5000000000, 0.0000000000, -0.2037037037, 1],
    [-0.5000000000, 0.0000000000, -0.1851851852, 1],
    [-0.5000000000, 0.0000000000, -0.1666666667, 1],
    [-0.5000000000, 0.0000000000, -0.1481481481, 1],
    [-0.5000000000, 0.0000000000, -0.1296296296, 1],
    [-0.5000000000, 0.0000000000, -0.1111111111, 1],
    [-0.5000000000, 0.0000000000, -0.0925925926, 1],
    [-0.5000000000, 0.0000000000, -0.0740740741, 1],
    [-0.5000000000, 0.0000000000, -0.0555555556, 1],
    [-0.5000000000, 0.0000000000, -0.0370370370, 1],
    [-0.5000000000, 0.0000000000, -0.0185185185, 1],
    [-0.5000000000, 0.0000000000, 0.0000000000, 1],
    [-0.3333333333, -0.3333333333, -0.5000000000, 1],
    [-0.3333333333, -0.3333333333, -0.4814814815, 1],
    [-0.3333333333, -0.3333333333, -0.4629629630, 1],
    [-0.3333333333, -0.3333333333, -0.4444444444, 1],
    [-0.3333333333, -0.3333333333, -0.4259259259, 1],
    [-0.3333333333, -0.3333333333, -0.4074074074, 1],
    [-0.3333333333, -0.3333333333, -0.3888888889, 1],
    [-0.3333333333, -0.3333333333, -0.3703703704, 1],
    [-0.3333333333, -0.3333333333, -0.3518518519, 1],
    [-0.3333333333, -0.3333333333, -0.3333333333, 1],
    [-0.3333333333, -0.3333333333, -0.3148148148, 1],
    [-0.3333333333, -0.3333333333, -0.2962962963, 1],
    [-0.3333333333, -0.3333333333, -0.2777777778, 1],
    [-0.3333333333, -0.3333333333, -0.2592592593, 1],
    [-0.3333333333, -0.3333333333, -0.2407407407, 1],
    [-0.3333333333, -0.3333333333, -0.2222222222, 1],
    [-0.3333333333, -0.3333333333, -0.2037037037, 1],
    [-0.3333333333, -0.3333333333, -0.1851851852, 1],
    [-0.3333333333, -0.3333333333, -0.1666666667, 1],
    [-0.3333333333, -0.3333333333, -0.1481481481, 1],
    [-0.3333333333, -0.3333333333, -0.1296296296, 1],
    [-0.3333333333, -0.3333333333, -0.1111111111, 1],
    [-0.3333333333, -0.3333333333, -0.0925925926, 1],
    [-0.3333333333, -0.3333333333, -0.0740740741, 1],
    [-0.3333333333, -0.3333333333, -0.0555555556, 1],
    [-0.3333333333, -0.3333333333, -0.0370370370, 1],
    [-0.3333333333, -0.3333333333, -0.0185185185, 1],
    [-0.3333333333, -0.3333333333, 0.0000000000, 1],
