# E (eV) pdos(E) 
-20.000  0.000E+00
-19.990  0.000E+00
-19.980  0.000E+00
-19.970  0.000E+00
-19.960  0.000E+00
-19.950  0.000E+00
-19.940  0.000E+00
-19.930  0.000E+00
-19.920  0.000E+00
-19.910  0.000E+00
-19.900  0.000E+00
-19.890  0.000E+00
-19.880  0.000E+00
-19.870  0.000E+00
-19.860  0.000E+00
-19.850  0.000E+00
-19.840  0.000E+00
-19.830  0.000E+00
-19.820  0.000E+00
-19.810  0.000E+00
-19.800  0.000E+00
-19.790  0.000E+00
-19.780  0.000E+00
-19.770  0.000E+00
-19.760  0.000E+00
-19.750  0.000E+00
-19.740  0.000E+00
-19.730  0.000E+00
-19.720  0.000E+00
-19.710  0.000E+00
-19.700  0.000E+00
-19.690  0.000E+00
-19.680  0.000E+00
-19.670  0.000E+00
-19.660  0.000E+00
-19.650  0.000E+00
-19.640  0.000E+00
-19.630  0.000E+00
-19.620  0.000E+00
-19.610  0.000E+00
-19.600  0.000E+00
-19.590  0.000E+00
-19.580  0.000E+00
-19.570  0.000E+00
-19.560  0.000E+00
-19.550  0.000E+00
-19.540  0.000E+00
-19.530  0.000E+00
-19.520  0.000E+00
-19.510  0.000E+00
-19.500  0.000E+00
-19.490  0.000E+00
-19.480  0.000E+00
-19.470  0.000E+00
-19.460  0.000E+00
-19.450  0.000E+00
-19.440  0.000E+00
-19.430  0.000E+00
-19.420  0.000E+00
-19.410  0.000E+00
-19.400  0.000E+00
-19.390  0.000E+00
-19.380  0.000E+00
-19.370  0.000E+00
-19.360  0.000E+00
-19.350  0.000E+00
-19.340  0.000E+00
-19.330  0.000E+00
-19.320  0.000E+00
-19.310  0.000E+00
-19.300  0.000E+00
-19.290  0.000E+00
-19.280  0.000E+00
-19.270  0.000E+00
-19.260  0.000E+00
-19.250  0.000E+00
-19.240  0.000E+00
-19.230  0.000E+00
-19.220  0.000E+00
-19.210  0.000E+00
-19.200  0.000E+00
-19.190  0.000E+00
-19.180  0.000E+00
-19.170  0.000E+00
-19.160  0.000E+00
-19.150  0.000E+00
-19.140  0.000E+00
-19.130  0.000E+00
-19.120  0.000E+00
-19.110  0.000E+00
-19.100  0.000E+00
-19.090  0.000E+00
-19.080  0.000E+00
-19.070  0.000E+00
-19.060  0.000E+00
-19.050  0.000E+00
-19.040  0.000E+00
-19.030  0.000E+00
-19.020  0.000E+00
-19.010  0.000E+00
-19.000  0.000E+00
-18.990  0.000E+00
-18.980  0.000E+00
-18.970  0.000E+00
-18.960  0.000E+00
-18.950  0.000E+00
-18.940  0.000E+00
-18.930  0.000E+00
-18.920  0.000E+00
-18.910  0.000E+00
-18.900  0.000E+00
-18.890  0.000E+00
-18.880  0.000E+00
-18.870  0.000E+00
-18.860  0.000E+00
-18.850  0.000E+00
-18.840  0.000E+00
-18.830  0.000E+00
-18.820  0.000E+00
-18.810  0.000E+00
-18.800  0.000E+00
-18.790  0.000E+00
-18.780  0.000E+00
-18.770  0.000E+00
-18.760  0.000E+00
-18.750  0.000E+00
-18.740  0.000E+00
-18.730  0.000E+00
-18.720  0.000E+00
-18.710  0.000E+00
-18.700  0.000E+00
-18.690  0.000E+00
-18.680  0.000E+00
-18.670  0.000E+00
-18.660  0.000E+00
-18.650  0.000E+00
-18.640  0.000E+00
-18.630  0.000E+00
-18.620  0.000E+00
-18.610  0.000E+00
-18.600  0.000E+00
-18.590  0.000E+00
-18.580  0.000E+00
-18.570  0.000E+00
-18.560  0.000E+00
-18.550  0.000E+00
-18.540  0.000E+00
-18.530  0.000E+00
-18.520  0.000E+00
-18.510  0.000E+00
-18.500  0.000E+00
-18.490  0.000E+00
-18.480  0.000E+00
-18.470  0.000E+00
-18.460  0.000E+00
-18.450  0.000E+00
-18.440  0.000E+00
-18.430  0.000E+00
-18.420  0.000E+00
-18.410  0.000E+00
-18.400  0.000E+00
-18.390  0.000E+00
-18.380  0.000E+00
-18.370  0.000E+00
-18.360  0.000E+00
-18.350  0.000E+00
-18.340  0.000E+00
-18.330  0.000E+00
-18.320  0.000E+00
-18.310  0.000E+00
-18.300  0.000E+00
-18.290  0.000E+00
-18.280  0.000E+00
-18.270  0.000E+00
-18.260  0.000E+00
-18.250  0.000E+00
-18.240  0.000E+00
-18.230  0.000E+00
-18.220  0.000E+00
-18.210  0.000E+00
-18.200  0.000E+00
-18.190  0.000E+00
-18.180  0.000E+00
-18.170  0.000E+00
-18.160  0.000E+00
-18.150  0.000E+00
-18.140  0.000E+00
-18.130  0.000E+00
-18.120  0.000E+00
-18.110  0.000E+00
-18.100  0.000E+00
-18.090  0.000E+00
-18.080  0.000E+00
-18.070  0.000E+00
-18.060  0.000E+00
-18.050  0.000E+00
-18.040  0.000E+00
-18.030  0.000E+00
-18.020  0.000E+00
-18.010  0.000E+00
-18.000  0.000E+00
-17.990  0.000E+00
-17.980  0.000E+00
-17.970  0.000E+00
-17.960  0.000E+00
-17.950  0.000E+00
-17.940  0.000E+00
-17.930  0.000E+00
-17.920  0.000E+00
-17.910  0.000E+00
-17.900  0.000E+00
-17.890  0.000E+00
-17.880  0.000E+00
-17.870  0.000E+00
-17.860  0.000E+00
-17.850  0.000E+00
-17.840  0.000E+00
-17.830  0.000E+00
-17.820  0.000E+00
-17.810  0.000E+00
-17.800  0.000E+00
-17.790  0.000E+00
-17.780  0.000E+00
-17.770  0.000E+00
-17.760  0.000E+00
-17.750  0.000E+00
-17.740  0.000E+00
-17.730  0.000E+00
-17.720  0.000E+00
-17.710  0.000E+00
-17.700  0.000E+00
-17.690  0.000E+00
-17.680  0.000E+00
-17.670  0.000E+00
-17.660  0.000E+00
-17.650  0.000E+00
-17.640  0.000E+00
-17.630  0.000E+00
-17.620  0.000E+00
-17.610  0.000E+00
-17.600  0.000E+00
-17.590  0.000E+00
-17.580  0.000E+00
-17.570  0.000E+00
-17.560  0.000E+00
-17.550  0.000E+00
-17.540  0.000E+00
-17.530  0.000E+00
-17.520  0.000E+00
-17.510  0.000E+00
-17.500  0.000E+00
-17.490  0.000E+00
-17.480  0.000E+00
-17.470  0.000E+00
-17.460  0.000E+00
-17.450  0.000E+00
-17.440  0.000E+00
-17.430  0.000E+00
-17.420  0.000E+00
-17.410  0.000E+00
-17.400  0.000E+00
-17.390  0.000E+00
-17.380  0.000E+00
-17.370  0.000E+00
-17.360  0.000E+00
-17.350  0.000E+00
-17.340  0.000E+00
-17.330  0.000E+00
-17.320  0.000E+00
-17.310  0.000E+00
-17.300  0.000E+00
-17.290  0.000E+00
-17.280  0.000E+00
-17.270  0.000E+00
-17.260  0.000E+00
-17.250  0.000E+00
-17.240  0.000E+00
-17.230  0.000E+00
-17.220  0.000E+00
-17.210  0.000E+00
-17.200  0.000E+00
-17.190  0.000E+00
-17.180  0.000E+00
-17.170  0.000E+00
-17.160  0.000E+00
-17.150  0.000E+00
-17.140  0.000E+00
-17.130  0.000E+00
-17.120  0.000E+00
-17.110  0.000E+00
-17.100  0.000E+00
-17.090  0.000E+00
-17.080  0.000E+00
-17.070  0.000E+00
-17.060  0.000E+00
-17.050  0.000E+00
-17.040  0.000E+00
-17.030  0.000E+00
-17.020  0.000E+00
-17.010  0.000E+00
-17.000  0.000E+00
-16.990  0.000E+00
-16.980  0.000E+00
-16.970  0.000E+00
-16.960  0.000E+00
-16.950  0.000E+00
-16.940  0.000E+00
-16.930  0.000E+00
-16.920  0.000E+00
-16.910  0.000E+00
-16.900  0.000E+00
-16.890  0.000E+00
-16.880  0.000E+00
-16.870  0.000E+00
-16.860  0.000E+00
-16.850  0.000E+00
-16.840  0.000E+00
-16.830  0.000E+00
-16.820  0.000E+00
-16.810  0.000E+00
-16.800  0.000E+00
-16.790  0.000E+00
-16.780  0.000E+00
-16.770  0.000E+00
-16.760  0.000E+00
-16.750  0.000E+00
-16.740  0.000E+00
-16.730  0.000E+00
-16.720  0.000E+00
-16.710  0.000E+00
-16.700  0.000E+00
-16.690  0.000E+00
-16.680  0.000E+00
-16.670  0.000E+00
-16.660  0.000E+00
-16.650  0.000E+00
-16.640  0.000E+00
-16.630  0.000E+00
-16.620  0.000E+00
-16.610  0.000E+00
-16.600  0.000E+00
-16.590  0.000E+00
-16.580  0.000E+00
-16.570  0.000E+00
-16.560  0.000E+00
-16.550  0.000E+00
-16.540  0.000E+00
-16.530  0.000E+00
-16.520  0.000E+00
-16.510  0.000E+00
-16.500  0.000E+00
-16.490  0.000E+00
-16.480  0.000E+00
-16.470  0.000E+00
-16.460  0.000E+00
-16.450  0.000E+00
-16.440  0.000E+00
-16.430  0.000E+00
-16.420  0.000E+00
-16.410  0.000E+00
-16.400  0.000E+00
-16.390  0.000E+00
-16.380  0.000E+00
-16.370  0.000E+00
-16.360  0.000E+00
-16.350  0.000E+00
-16.340  0.000E+00
-16.330  0.000E+00
-16.320  0.000E+00
-16.310  0.000E+00
-16.300  0.000E+00
-16.290  0.000E+00
-16.280  0.000E+00
-16.270  0.000E+00
-16.260  0.000E+00
-16.250  0.000E+00
-16.240  0.000E+00
-16.230  0.000E+00
-16.220  0.000E+00
-16.210  0.000E+00
-16.200  0.000E+00
-16.190  0.000E+00
-16.180  0.000E+00
-16.170  0.000E+00
-16.160  0.000E+00
-16.150  0.000E+00
-16.140  0.000E+00
-16.130  0.000E+00
-16.120  0.000E+00
-16.110  0.000E+00
-16.100  0.000E+00
-16.090  0.000E+00
-16.080  0.000E+00
-16.070  0.000E+00
-16.060  0.000E+00
-16.050  0.000E+00
-16.040  0.000E+00
-16.030  0.000E+00
-16.020  0.000E+00
-16.010  0.000E+00
-16.000  0.000E+00
-15.990  0.000E+00
-15.980  0.000E+00
-15.970  0.000E+00
-15.960  0.000E+00
-15.950  0.000E+00
-15.940  0.000E+00
-15.930  0.000E+00
-15.920  0.000E+00
-15.910  0.000E+00
-15.900  0.000E+00
-15.890  0.000E+00
-15.880  0.000E+00
-15.870  0.000E+00
-15.860  0.000E+00
-15.850  0.000E+00
-15.840  0.000E+00
-15.830  0.000E+00
-15.820  0.000E+00
-15.810  0.000E+00
-15.800  0.000E+00
-15.790  0.000E+00
-15.780  0.000E+00
-15.770  0.000E+00
-15.760  0.000E+00
-15.750  0.000E+00
-15.740  0.000E+00
-15.730  0.000E+00
-15.720  0.000E+00
-15.710  0.000E+00
-15.700  0.000E+00
-15.690  0.000E+00
-15.680  0.000E+00
-15.670  0.000E+00
-15.660  0.000E+00
-15.650  0.000E+00
-15.640  0.000E+00
-15.630  0.000E+00
-15.620  0.000E+00
-15.610  0.000E+00
-15.600  0.000E+00
-15.590  0.000E+00
-15.580  0.000E+00
-15.570  0.000E+00
-15.560  0.000E+00
-15.550  0.000E+00
-15.540  0.000E+00
-15.530  0.000E+00
-15.520  0.000E+00
-15.510  0.000E+00
-15.500  0.000E+00
-15.490  0.000E+00
-15.480  0.000E+00
-15.470  0.000E+00
-15.460  0.000E+00
-15.450  0.000E+00
-15.440  0.000E+00
-15.430  0.000E+00
-15.420  0.000E+00
-15.410  0.000E+00
-15.400  0.000E+00
-15.390  0.000E+00
-15.380  0.000E+00
-15.370  0.000E+00
-15.360  0.000E+00
-15.350  0.000E+00
-15.340  0.000E+00
-15.330  0.000E+00
-15.320  0.000E+00
-15.310  0.000E+00
-15.300  0.000E+00
-15.290  0.000E+00
-15.280  0.000E+00
-15.270  0.000E+00
-15.260  0.000E+00
-15.250  0.000E+00
-15.240  0.000E+00
-15.230  0.000E+00
-15.220  0.000E+00
-15.210  0.000E+00
-15.200  0.000E+00
-15.190  0.000E+00
-15.180  0.000E+00
-15.170  0.000E+00
-15.160  0.000E+00
-15.150  0.000E+00
-15.140  0.000E+00
-15.130  0.000E+00
-15.120  0.000E+00
-15.110  0.000E+00
-15.100  0.000E+00
-15.090  0.000E+00
-15.080  0.000E+00
-15.070  0.000E+00
-15.060  0.000E+00
-15.050  0.000E+00
-15.040  0.000E+00
-15.030  0.000E+00
-15.020  0.000E+00
-15.010  0.000E+00
-15.000  0.000E+00
-14.990  0.000E+00
-14.980  0.000E+00
-14.970  0.000E+00
-14.960  0.000E+00
-14.950  0.000E+00
-14.940  0.000E+00
-14.930  0.000E+00
-14.920  0.000E+00
-14.910  0.000E+00
-14.900  0.000E+00
-14.890  0.000E+00
-14.880  0.000E+00
-14.870  0.000E+00
-14.860  0.000E+00
-14.850  0.000E+00
-14.840  0.000E+00
-14.830  0.000E+00
-14.820  0.000E+00
-14.810  0.000E+00
-14.800  0.000E+00
-14.790  0.000E+00
-14.780  0.000E+00
-14.770  0.000E+00
-14.760  0.000E+00
-14.750  0.000E+00
-14.740  0.000E+00
-14.730  0.000E+00
-14.720  0.000E+00
-14.710  0.000E+00
-14.700  0.000E+00
-14.690  0.000E+00
-14.680  0.000E+00
-14.670  0.000E+00
-14.660  0.000E+00
-14.650  0.000E+00
-14.640  0.000E+00
-14.630  0.000E+00
-14.620  0.000E+00
-14.610  0.000E+00
-14.600  0.000E+00
-14.590  0.000E+00
-14.580  0.000E+00
-14.570  0.000E+00
-14.560  0.000E+00
-14.550  0.000E+00
-14.540  0.000E+00
-14.530  0.000E+00
-14.520  0.000E+00
-14.510  0.000E+00
-14.500  0.000E+00
-14.490  0.000E+00
-14.480  0.000E+00
-14.470  0.000E+00
-14.460  0.000E+00
-14.450  0.000E+00
-14.440  0.000E+00
-14.430  0.000E+00
-14.420  0.000E+00
-14.410  0.000E+00
-14.400  0.000E+00
-14.390  0.000E+00
-14.380  0.000E+00
-14.370  0.000E+00
-14.360  0.000E+00
-14.350  0.000E+00
-14.340  0.000E+00
-14.330  0.000E+00
-14.320  0.000E+00
-14.310  0.000E+00
-14.300  0.000E+00
-14.290  0.000E+00
-14.280  0.000E+00
-14.270  0.000E+00
-14.260  0.000E+00
-14.250  0.000E+00
-14.240  0.000E+00
-14.230  0.000E+00
-14.220  0.000E+00
-14.210  0.000E+00
-14.200  0.000E+00
-14.190  0.000E+00
-14.180  0.000E+00
-14.170  0.000E+00
-14.160  0.000E+00
-14.150  0.000E+00
-14.140  0.000E+00
-14.130  0.000E+00
-14.120  0.000E+00
-14.110  0.000E+00
-14.100  0.000E+00
-14.090  0.000E+00
-14.080  0.000E+00
-14.070  0.000E+00
-14.060  0.000E+00
-14.050  0.000E+00
-14.040  0.000E+00
-14.030  0.000E+00
-14.020  0.000E+00
-14.010  0.000E+00
-14.000  0.000E+00
-13.990  0.000E+00
-13.980  0.000E+00
-13.970  0.000E+00
-13.960  0.000E+00
-13.950  0.000E+00
-13.940  0.000E+00
-13.930  0.000E+00
-13.920  0.000E+00
-13.910  0.000E+00
-13.900  0.000E+00
-13.890  0.000E+00
-13.880  0.000E+00
-13.870  0.000E+00
-13.860  0.000E+00
-13.850  0.000E+00
-13.840  0.000E+00
-13.830  0.000E+00
-13.820  0.000E+00
-13.810  0.000E+00
-13.800  0.000E+00
-13.790  0.000E+00
-13.780  0.000E+00
-13.770  0.000E+00
-13.760  0.000E+00
-13.750  0.000E+00
-13.740  0.000E+00
-13.730  0.000E+00
-13.720  0.000E+00
-13.710  0.000E+00
-13.700  0.000E+00
-13.690  0.000E+00
-13.680  0.000E+00
-13.670  0.000E+00
-13.660  0.000E+00
-13.650  0.000E+00
-13.640  0.000E+00
-13.630  0.000E+00
-13.620  0.000E+00
-13.610  0.000E+00
-13.600  0.000E+00
-13.590  0.000E+00
-13.580  0.000E+00
-13.570  0.000E+00
-13.560  0.000E+00
-13.550  0.000E+00
-13.540  0.000E+00
-13.530  0.000E+00
-13.520  0.000E+00
-13.510  0.000E+00
-13.500  0.000E+00
-13.490  0.000E+00
-13.480  0.000E+00
-13.470  0.000E+00
-13.460  0.000E+00
-13.450  0.000E+00
-13.440  0.000E+00
-13.430  0.000E+00
-13.420  0.000E+00
-13.410  0.000E+00
-13.400  0.000E+00
-13.390  0.000E+00
-13.380  0.000E+00
-13.370  0.000E+00
-13.360  0.000E+00
-13.350  0.000E+00
-13.340  0.000E+00
-13.330  0.000E+00
-13.320  0.000E+00
-13.310  0.000E+00
-13.300  0.000E+00
-13.290  0.000E+00
-13.280  0.000E+00
-13.270  0.000E+00
-13.260  0.000E+00
-13.250  0.000E+00
-13.240  0.000E+00
-13.230  0.000E+00
-13.220  0.000E+00
-13.210  0.000E+00
-13.200  0.000E+00
-13.190  0.000E+00
-13.180  0.000E+00
-13.170  0.000E+00
-13.160  0.000E+00
-13.150  0.249E-14
-13.140  0.523E-14
-13.130  0.109E-13
-13.120  0.381E-13
-13.110  0.865E-13
-13.100  0.176E-12
-13.090  0.358E-12
-13.080  0.768E-12
-13.070  0.153E-11
-13.060  0.303E-11
-13.050  0.591E-11
-13.040  0.114E-10
-13.030  0.218E-10
-13.020  0.412E-10
-13.010  0.771E-10
-13.000  0.143E-09
-12.990  0.262E-09
-12.980  0.475E-09
-12.970  0.854E-09
-12.960  0.152E-08
-12.950  0.267E-08
-12.940  0.465E-08
-12.930  0.801E-08
-12.920  0.137E-07
-12.910  0.231E-07
-12.900  0.386E-07
-12.890  0.639E-07
-12.880  0.105E-06
-12.870  0.170E-06
-12.860  0.273E-06
-12.850  0.434E-06
-12.840  0.683E-06
-12.830  0.106E-05
-12.820  0.164E-05
-12.810  0.251E-05
-12.800  0.379E-05
-12.790  0.568E-05
-12.780  0.842E-05
-12.770  0.123E-04
-12.760  0.179E-04
-12.750  0.259E-04
-12.740  0.368E-04
-12.730  0.520E-04
-12.720  0.727E-04
-12.710  0.101E-03
-12.700  0.138E-03
-12.690  0.188E-03
-12.680  0.253E-03
-12.670  0.336E-03
-12.660  0.444E-03
-12.650  0.581E-03
-12.640  0.753E-03
-12.630  0.969E-03
-12.620  0.123E-02
-12.610  0.156E-02
-12.600  0.195E-02
-12.590  0.242E-02
-12.580  0.297E-02
-12.570  0.361E-02
-12.560  0.436E-02
-12.550  0.523E-02
-12.540  0.622E-02
-12.530  0.734E-02
-12.520  0.858E-02
-12.510  0.997E-02
-12.500  0.115E-01
-12.490  0.131E-01
-12.480  0.150E-01
-12.470  0.168E-01
-12.460  0.189E-01
-12.450  0.210E-01
-12.440  0.232E-01
-12.430  0.256E-01
-12.420  0.280E-01
-12.410  0.305E-01
-12.400  0.329E-01
-12.390  0.353E-01
-12.380  0.379E-01
-12.370  0.404E-01
-12.360  0.429E-01
-12.350  0.453E-01
-12.340  0.478E-01
-12.330  0.501E-01
-12.320  0.523E-01
-12.310  0.546E-01
-12.300  0.567E-01
-12.290  0.588E-01
-12.280  0.609E-01
-12.270  0.628E-01
-12.260  0.646E-01
-12.250  0.664E-01
-12.240  0.683E-01
-12.230  0.700E-01
-12.220  0.716E-01
-12.210  0.732E-01
-12.200  0.749E-01
-12.190  0.764E-01
-12.180  0.779E-01
-12.170  0.793E-01
-12.160  0.807E-01
-12.150  0.821E-01
-12.140  0.834E-01
-12.130  0.848E-01
-12.120  0.861E-01
-12.110  0.872E-01
-12.100  0.884E-01
-12.090  0.895E-01
-12.080  0.906E-01
-12.070  0.916E-01
-12.060  0.926E-01
-12.050  0.936E-01
-12.040  0.946E-01
-12.030  0.957E-01
-12.020  0.967E-01
-12.010  0.977E-01
-12.000  0.987E-01
-11.990  0.997E-01
-11.980  0.101E+00
-11.970  0.101E+00
-11.960  0.102E+00
-11.950  0.103E+00
-11.940  0.104E+00
-11.930  0.106E+00
-11.920  0.106E+00
-11.910  0.108E+00
-11.900  0.109E+00
-11.890  0.110E+00
-11.880  0.111E+00
-11.870  0.111E+00
-11.860  0.112E+00
-11.850  0.113E+00
-11.840  0.113E+00
-11.830  0.114E+00
-11.820  0.113E+00
-11.810  0.114E+00
-11.800  0.115E+00
-11.790  0.115E+00
-11.780  0.116E+00
-11.770  0.117E+00
-11.760  0.117E+00
-11.750  0.118E+00
-11.740  0.119E+00
-11.730  0.120E+00
-11.720  0.121E+00
-11.710  0.121E+00
-11.700  0.122E+00
-11.690  0.123E+00
-11.680  0.124E+00
-11.670  0.125E+00
-11.660  0.125E+00
-11.650  0.126E+00
-11.640  0.126E+00
-11.630  0.127E+00
-11.620  0.127E+00
-11.610  0.128E+00
-11.600  0.128E+00
-11.590  0.128E+00
-11.580  0.129E+00
-11.570  0.129E+00
-11.560  0.129E+00
-11.550  0.130E+00
-11.540  0.130E+00
-11.530  0.131E+00
-11.520  0.131E+00
-11.510  0.132E+00
-11.500  0.132E+00
-11.490  0.133E+00
-11.480  0.134E+00
-11.470  0.134E+00
-11.460  0.135E+00
-11.450  0.135E+00
-11.440  0.136E+00
-11.430  0.136E+00
-11.420  0.136E+00
-11.410  0.137E+00
-11.400  0.137E+00
-11.390  0.137E+00
-11.380  0.138E+00
-11.370  0.138E+00
-11.360  0.138E+00
-11.350  0.139E+00
-11.340  0.139E+00
-11.330  0.140E+00
-11.320  0.140E+00
-11.310  0.140E+00
-11.300  0.141E+00
-11.290  0.141E+00
-11.280  0.142E+00
-11.270  0.142E+00
-11.260  0.142E+00
-11.250  0.143E+00
-11.240  0.143E+00
-11.230  0.143E+00
-11.220  0.143E+00
-11.210  0.144E+00
-11.200  0.144E+00
-11.190  0.144E+00
-11.180  0.144E+00
-11.170  0.144E+00
-11.160  0.145E+00
-11.150  0.145E+00
-11.140  0.145E+00
-11.130  0.146E+00
-11.120  0.146E+00
-11.110  0.146E+00
-11.100  0.147E+00
-11.090  0.147E+00
-11.080  0.148E+00
-11.070  0.148E+00
-11.060  0.148E+00
-11.050  0.149E+00
-11.040  0.149E+00
-11.030  0.150E+00
-11.020  0.150E+00
-11.010  0.150E+00
-11.000  0.151E+00
-10.990  0.151E+00
-10.980  0.151E+00
-10.970  0.152E+00
-10.960  0.152E+00
-10.950  0.153E+00
-10.940  0.153E+00
-10.930  0.154E+00
-10.920  0.154E+00
-10.910  0.155E+00
-10.900  0.155E+00
-10.890  0.156E+00
-10.880  0.157E+00
-10.870  0.157E+00
-10.860  0.158E+00
-10.850  0.159E+00
-10.840  0.160E+00
-10.830  0.160E+00
-10.820  0.161E+00
-10.810  0.162E+00
-10.800  0.162E+00
-10.790  0.162E+00
-10.780  0.163E+00
-10.770  0.163E+00
-10.760  0.163E+00
-10.750  0.162E+00
-10.740  0.162E+00
-10.730  0.161E+00
-10.720  0.160E+00
-10.710  0.159E+00
-10.700  0.158E+00
-10.690  0.157E+00
-10.680  0.155E+00
-10.670  0.153E+00
-10.660  0.151E+00
-10.650  0.149E+00
-10.640  0.146E+00
-10.630  0.144E+00
-10.620  0.141E+00
-10.610  0.139E+00
-10.600  0.136E+00
-10.590  0.133E+00
-10.580  0.128E+00
-10.570  0.125E+00
-10.560  0.122E+00
-10.550  0.119E+00
-10.540  0.115E+00
-10.530  0.112E+00
-10.520  0.108E+00
-10.510  0.105E+00
-10.500  0.101E+00
-10.490  0.980E-01
-10.480  0.944E-01
-10.470  0.909E-01
-10.460  0.874E-01
-10.450  0.840E-01
-10.440  0.805E-01
-10.430  0.771E-01
-10.420  0.736E-01
-10.410  0.702E-01
-10.400  0.669E-01
-10.390  0.637E-01
-10.380  0.605E-01
-10.370  0.573E-01
-10.360  0.542E-01
-10.350  0.511E-01
-10.340  0.481E-01
-10.330  0.451E-01
-10.320  0.423E-01
-10.310  0.395E-01
-10.300  0.368E-01
-10.290  0.341E-01
-10.280  0.316E-01
-10.270  0.291E-01
-10.260  0.267E-01
-10.250  0.244E-01
-10.240  0.222E-01
-10.230  0.201E-01
-10.220  0.181E-01
-10.210  0.161E-01
-10.200  0.144E-01
-10.190  0.127E-01
-10.180  0.112E-01
-10.170  0.980E-02
-10.160  0.850E-02
-10.150  0.734E-02
-10.140  0.628E-02
-10.130  0.533E-02
-10.120  0.450E-02
-10.110  0.377E-02
-10.100  0.313E-02
-10.090  0.259E-02
-10.080  0.212E-02
-10.070  0.171E-02
-10.060  0.137E-02
-10.050  0.109E-02
-10.040  0.867E-03
-10.030  0.679E-03
-10.020  0.527E-03
-10.010  0.406E-03
-10.000  0.310E-03
 -9.990  0.234E-03
 -9.980  0.175E-03
 -9.970  0.130E-03
 -9.960  0.957E-04
 -9.950  0.697E-04
 -9.940  0.503E-04
 -9.930  0.360E-04
 -9.920  0.255E-04
 -9.910  0.178E-04
 -9.900  0.124E-04
 -9.890  0.854E-05
 -9.880  0.582E-05
 -9.870  0.393E-05
 -9.860  0.263E-05
 -9.850  0.174E-05
 -9.840  0.114E-05
 -9.830  0.740E-06
 -9.820  0.476E-06
 -9.810  0.303E-06
 -9.800  0.190E-06
 -9.790  0.119E-06
 -9.780  0.736E-07
 -9.770  0.450E-07
 -9.760  0.273E-07
 -9.750  0.163E-07
 -9.740  0.969E-08
 -9.730  0.570E-08
 -9.720  0.332E-08
 -9.710  0.190E-08
 -9.700  0.109E-08
 -9.690  0.615E-09
 -9.680  0.344E-09
 -9.670  0.189E-09
 -9.660  0.104E-09
 -9.650  0.563E-10
 -9.640  0.303E-10
 -9.630  0.160E-10
 -9.620  0.843E-11
 -9.610  0.438E-11
 -9.600  0.226E-11
 -9.590  0.114E-11
 -9.580  0.574E-12
 -9.570  0.284E-12
 -9.560  0.137E-12
 -9.550  0.599E-13
 -9.540  0.284E-13
 -9.530  0.125E-13
 -9.520  0.452E-14
 -9.510  0.149E-14
 -9.500  0.221E-15
 -9.490  0.185E-16
 -9.480  0.000E+00
 -9.470  0.000E+00
 -9.460  0.000E+00
 -9.450  0.000E+00
 -9.440  0.000E+00
 -9.430  0.000E+00
 -9.420  0.000E+00
 -9.410  0.000E+00
 -9.400  0.000E+00
 -9.390  0.000E+00
 -9.380  0.000E+00
 -9.370  0.000E+00
 -9.360  0.000E+00
 -9.350  0.000E+00
 -9.340  0.000E+00
 -9.330  0.000E+00
 -9.320  0.000E+00
 -9.310  0.000E+00
 -9.300  0.000E+00
 -9.290  0.000E+00
 -9.280  0.000E+00
 -9.270  0.000E+00
 -9.260  0.000E+00
 -9.250  0.000E+00
 -9.240  0.000E+00
 -9.230  0.000E+00
 -9.220  0.000E+00
 -9.210  0.000E+00
 -9.200  0.000E+00
 -9.190  0.000E+00
 -9.180  0.000E+00
 -9.170  0.000E+00
 -9.160  0.000E+00
 -9.150  0.000E+00
 -9.140  0.000E+00
 -9.130  0.000E+00
 -9.120  0.000E+00
 -9.110  0.000E+00
 -9.100  0.000E+00
 -9.090  0.000E+00
 -9.080  0.000E+00
 -9.070  0.000E+00
 -9.060  0.000E+00
 -9.050  0.000E+00
 -9.040  0.000E+00
 -9.030  0.000E+00
 -9.020  0.000E+00
 -9.010  0.000E+00
 -9.000  0.000E+00
 -8.990  0.000E+00
 -8.980  0.000E+00
 -8.970  0.000E+00
 -8.960  0.000E+00
 -8.950  0.000E+00
 -8.940  0.000E+00
 -8.930  0.000E+00
 -8.920  0.000E+00
 -8.910  0.000E+00
 -8.900  0.000E+00
 -8.890  0.000E+00
 -8.880  0.000E+00
 -8.870  0.000E+00
 -8.860  0.000E+00
 -8.850  0.000E+00
 -8.840  0.000E+00
 -8.830  0.000E+00
 -8.820  0.000E+00
 -8.810  0.000E+00
 -8.800  0.000E+00
 -8.790  0.000E+00
 -8.780  0.000E+00
 -8.770  0.000E+00
 -8.760  0.000E+00
 -8.750  0.000E+00
 -8.740  0.000E+00
 -8.730  0.000E+00
 -8.720  0.000E+00
 -8.710  0.000E+00
 -8.700  0.000E+00
 -8.690  0.000E+00
 -8.680  0.000E+00
 -8.670  0.000E+00
 -8.660  0.000E+00
 -8.650  0.000E+00
 -8.640  0.000E+00
 -8.630  0.000E+00
 -8.620  0.000E+00
 -8.610  0.000E+00
 -8.600  0.000E+00
 -8.590  0.000E+00
 -8.580  0.000E+00
 -8.570  0.000E+00
 -8.560  0.000E+00
 -8.550  0.000E+00
 -8.540  0.000E+00
 -8.530  0.000E+00
 -8.520  0.000E+00
 -8.510  0.000E+00
 -8.500  0.000E+00
 -8.490  0.000E+00
 -8.480  0.000E+00
 -8.470  0.000E+00
 -8.460  0.000E+00
 -8.450  0.000E+00
 -8.440  0.000E+00
 -8.430  0.000E+00
 -8.420  0.000E+00
 -8.410  0.000E+00
 -8.400  0.000E+00
 -8.390  0.000E+00
 -8.380  0.000E+00
 -8.370  0.000E+00
 -8.360  0.000E+00
 -8.350  0.000E+00
 -8.340  0.000E+00
 -8.330  0.000E+00
 -8.320  0.000E+00
 -8.310  0.000E+00
 -8.300  0.000E+00
 -8.290  0.000E+00
 -8.280  0.000E+00
 -8.270  0.000E+00
 -8.260  0.000E+00
 -8.250  0.000E+00
 -8.240  0.000E+00
 -8.230  0.000E+00
 -8.220  0.000E+00
 -8.210  0.000E+00
 -8.200  0.000E+00
 -8.190  0.000E+00
 -8.180  0.000E+00
 -8.170  0.000E+00
 -8.160  0.000E+00
 -8.150  0.000E+00
 -8.140  0.000E+00
 -8.130  0.000E+00
 -8.120  0.000E+00
 -8.110  0.000E+00
 -8.100  0.000E+00
 -8.090  0.000E+00
 -8.080  0.000E+00
 -8.070  0.000E+00
 -8.060  0.000E+00
 -8.050  0.000E+00
 -8.040  0.000E+00
 -8.030  0.000E+00
 -8.020  0.000E+00
 -8.010  0.000E+00
 -8.000  0.000E+00
 -7.990  0.000E+00
 -7.980  0.000E+00
 -7.970  0.000E+00
 -7.960  0.000E+00
 -7.950  0.000E+00
 -7.940  0.000E+00
 -7.930  0.000E+00
 -7.920  0.000E+00
 -7.910  0.000E+00
 -7.900  0.000E+00
 -7.890  0.000E+00
 -7.880  0.000E+00
 -7.870  0.000E+00
 -7.860  0.000E+00
 -7.850  0.000E+00
 -7.840  0.000E+00
 -7.830  0.000E+00
 -7.820  0.000E+00
 -7.810  0.000E+00
 -7.800  0.000E+00
 -7.790  0.000E+00
 -7.780  0.000E+00
 -7.770  0.000E+00
 -7.760  0.000E+00
 -7.750  0.000E+00
 -7.740  0.000E+00
 -7.730  0.000E+00
 -7.720  0.000E+00
 -7.710  0.000E+00
 -7.700  0.000E+00
 -7.690  0.000E+00
 -7.680  0.000E+00
 -7.670  0.000E+00
 -7.660  0.000E+00
 -7.650  0.000E+00
 -7.640  0.000E+00
 -7.630  0.000E+00
 -7.620  0.000E+00
 -7.610  0.000E+00
 -7.600  0.000E+00
 -7.590  0.000E+00
 -7.580  0.000E+00
 -7.570  0.000E+00
 -7.560  0.000E+00
 -7.550  0.000E+00
 -7.540  0.000E+00
 -7.530  0.000E+00
 -7.520  0.000E+00
 -7.510  0.000E+00
 -7.500  0.000E+00
 -7.490  0.000E+00
 -7.480  0.000E+00
 -7.470  0.000E+00
 -7.460  0.000E+00
 -7.450  0.000E+00
 -7.440  0.000E+00
 -7.430  0.000E+00
 -7.420  0.000E+00
 -7.410  0.000E+00
 -7.400  0.000E+00
 -7.390  0.000E+00
 -7.380  0.000E+00
 -7.370  0.000E+00
 -7.360  0.000E+00
 -7.350  0.000E+00
 -7.340  0.000E+00
 -7.330  0.000E+00
 -7.320  0.000E+00
 -7.310  0.000E+00
 -7.300  0.000E+00
 -7.290  0.000E+00
 -7.280  0.000E+00
 -7.270  0.000E+00
 -7.260  0.000E+00
 -7.250  0.000E+00
 -7.240  0.000E+00
 -7.230  0.000E+00
 -7.220  0.000E+00
 -7.210  0.000E+00
 -7.200  0.000E+00
 -7.190  0.000E+00
 -7.180  0.000E+00
 -7.170  0.000E+00
 -7.160  0.000E+00
 -7.150  0.000E+00
 -7.140  0.000E+00
 -7.130  0.000E+00
 -7.120  0.000E+00
 -7.110  0.000E+00
 -7.100  0.000E+00
 -7.090  0.000E+00
 -7.080  0.000E+00
 -7.070  0.000E+00
 -7.060  0.000E+00
 -7.050  0.000E+00
 -7.040  0.000E+00
 -7.030  0.000E+00
 -7.020  0.000E+00
 -7.010  0.000E+00
 -7.000  0.000E+00
 -6.990  0.000E+00
 -6.980  0.000E+00
 -6.970  0.000E+00
 -6.960  0.000E+00
 -6.950  0.000E+00
 -6.940  0.000E+00
 -6.930  0.000E+00
 -6.920  0.000E+00
 -6.910  0.000E+00
 -6.900  0.000E+00
 -6.890  0.000E+00
 -6.880  0.000E+00
 -6.870  0.000E+00
 -6.860  0.000E+00
 -6.850  0.000E+00
 -6.840  0.000E+00
 -6.830  0.000E+00
 -6.820  0.000E+00
 -6.810  0.000E+00
 -6.800  0.000E+00
 -6.790  0.000E+00
 -6.780  0.000E+00
 -6.770  0.000E+00
 -6.760  0.000E+00
 -6.750  0.000E+00
 -6.740  0.000E+00
 -6.730  0.000E+00
 -6.720  0.000E+00
 -6.710  0.000E+00
 -6.700  0.000E+00
 -6.690  0.000E+00
 -6.680  0.000E+00
 -6.670  0.000E+00
 -6.660  0.000E+00
 -6.650  0.000E+00
 -6.640  0.000E+00
 -6.630  0.000E+00
 -6.620  0.000E+00
 -6.610  0.000E+00
 -6.600  0.000E+00
 -6.590  0.000E+00
 -6.580  0.000E+00
 -6.570  0.000E+00
 -6.560  0.000E+00
 -6.550  0.000E+00
 -6.540  0.000E+00
 -6.530  0.000E+00
 -6.520  0.000E+00
 -6.510  0.000E+00
 -6.500  0.000E+00
 -6.490  0.000E+00
 -6.480  0.000E+00
 -6.470  0.000E+00
 -6.460  0.000E+00
 -6.450  0.000E+00
 -6.440  0.000E+00
 -6.430  0.000E+00
 -6.420  0.000E+00
 -6.410  0.000E+00
 -6.400  0.000E+00
 -6.390  0.000E+00
 -6.380  0.000E+00
 -6.370  0.000E+00
 -6.360  0.000E+00
 -6.350  0.000E+00
 -6.340  0.000E+00
 -6.330  0.000E+00
 -6.320  0.000E+00
 -6.310  0.000E+00
 -6.300  0.000E+00
 -6.290  0.000E+00
 -6.280  0.000E+00
 -6.270  0.000E+00
 -6.260  0.000E+00
 -6.250  0.000E+00
 -6.240  0.000E+00
 -6.230  0.000E+00
 -6.220  0.000E+00
 -6.210  0.000E+00
 -6.200  0.000E+00
 -6.190  0.000E+00
 -6.180  0.000E+00
 -6.170  0.000E+00
 -6.160  0.000E+00
 -6.150  0.000E+00
 -6.140  0.000E+00
 -6.130  0.000E+00
 -6.120  0.000E+00
 -6.110  0.000E+00
 -6.100  0.000E+00
 -6.090  0.000E+00
 -6.080  0.000E+00
 -6.070  0.000E+00
 -6.060  0.000E+00
 -6.050  0.000E+00
 -6.040  0.000E+00
 -6.030  0.000E+00
 -6.020  0.000E+00
 -6.010  0.000E+00
 -6.000  0.000E+00
 -5.990  0.000E+00
 -5.980  0.000E+00
 -5.970  0.000E+00
 -5.960  0.000E+00
 -5.950  0.000E+00
 -5.940  0.000E+00
 -5.930  0.000E+00
 -5.920  0.000E+00
 -5.910  0.000E+00
 -5.900  0.000E+00
 -5.890  0.000E+00
 -5.880  0.000E+00
 -5.870  0.000E+00
 -5.860  0.000E+00
 -5.850  0.000E+00
 -5.840  0.000E+00
 -5.830  0.000E+00
 -5.820  0.000E+00
 -5.810  0.000E+00
 -5.800  0.000E+00
 -5.790  0.000E+00
 -5.780  0.000E+00
 -5.770  0.000E+00
 -5.760  0.000E+00
 -5.750  0.000E+00
 -5.740  0.000E+00
 -5.730  0.000E+00
 -5.720  0.000E+00
 -5.710  0.000E+00
 -5.700  0.000E+00
 -5.690  0.000E+00
 -5.680  0.000E+00
 -5.670  0.000E+00
 -5.660  0.000E+00
 -5.650  0.000E+00
 -5.640  0.000E+00
 -5.630  0.000E+00
 -5.620  0.000E+00
 -5.610  0.000E+00
 -5.600  0.000E+00
 -5.590  0.000E+00
 -5.580  0.000E+00
 -5.570  0.000E+00
 -5.560  0.000E+00
 -5.550  0.000E+00
 -5.540  0.000E+00
 -5.530  0.000E+00
 -5.520  0.000E+00
 -5.510  0.000E+00
 -5.500  0.000E+00
 -5.490  0.000E+00
 -5.480  0.000E+00
 -5.470  0.000E+00
 -5.460  0.000E+00
 -5.450  0.000E+00
 -5.440  0.000E+00
 -5.430  0.000E+00
 -5.420  0.000E+00
 -5.410  0.000E+00
 -5.400  0.000E+00
 -5.390  0.000E+00
 -5.380  0.000E+00
 -5.370  0.000E+00
 -5.360  0.000E+00
 -5.350  0.000E+00
 -5.340  0.000E+00
 -5.330  0.000E+00
 -5.320  0.000E+00
 -5.310  0.000E+00
 -5.300  0.000E+00
 -5.290  0.000E+00
 -5.280  0.000E+00
 -5.270  0.000E+00
 -5.260  0.000E+00
 -5.250  0.000E+00
 -5.240  0.000E+00
 -5.230  0.000E+00
 -5.220  0.000E+00
 -5.210  0.000E+00
 -5.200  0.000E+00
 -5.190  0.000E+00
 -5.180  0.000E+00
 -5.170  0.000E+00
 -5.160  0.000E+00
 -5.150  0.000E+00
 -5.140  0.000E+00
 -5.130  0.000E+00
 -5.120  0.000E+00
 -5.110  0.000E+00
 -5.100  0.000E+00
 -5.090  0.000E+00
 -5.080  0.000E+00
 -5.070  0.000E+00
 -5.060  0.000E+00
 -5.050  0.000E+00
 -5.040  0.000E+00
 -5.030  0.000E+00
 -5.020  0.000E+00
 -5.010  0.000E+00
 -5.000  0.000E+00
 -4.990  0.000E+00
 -4.980  0.000E+00
 -4.970  0.000E+00
 -4.960  0.000E+00
 -4.950  0.000E+00
 -4.940  0.000E+00
 -4.930  0.000E+00
 -4.920  0.000E+00
 -4.910  0.000E+00
 -4.900  0.000E+00
 -4.890  0.000E+00
 -4.880  0.000E+00
 -4.870  0.000E+00
 -4.860  0.000E+00
 -4.850  0.000E+00
 -4.840  0.000E+00
 -4.830  0.000E+00
 -4.820  0.000E+00
 -4.810  0.000E+00
 -4.800  0.000E+00
 -4.790  0.000E+00
 -4.780  0.000E+00
 -4.770  0.000E+00
 -4.760  0.000E+00
 -4.750  0.000E+00
 -4.740  0.000E+00
 -4.730  0.000E+00
 -4.720  0.000E+00
 -4.710  0.000E+00
 -4.700  0.000E+00
 -4.690  0.000E+00
 -4.680  0.000E+00
 -4.670  0.000E+00
 -4.660  0.000E+00
 -4.650  0.000E+00
 -4.640  0.000E+00
 -4.630  0.000E+00
 -4.620  0.000E+00
 -4.610  0.000E+00
 -4.600  0.000E+00
 -4.590  0.000E+00
 -4.580  0.000E+00
 -4.570  0.000E+00
 -4.560  0.000E+00
 -4.550  0.000E+00
 -4.540  0.000E+00
 -4.530  0.000E+00
 -4.520  0.000E+00
 -4.510  0.000E+00
 -4.500  0.000E+00
 -4.490  0.000E+00
 -4.480  0.000E+00
 -4.470  0.000E+00
 -4.460  0.000E+00
 -4.450  0.000E+00
 -4.440  0.000E+00
 -4.430  0.000E+00
 -4.420  0.000E+00
 -4.410  0.000E+00
 -4.400  0.000E+00
 -4.390  0.000E+00
 -4.380  0.000E+00
 -4.370  0.000E+00
 -4.360  0.000E+00
 -4.350  0.000E+00
 -4.340  0.000E+00
 -4.330  0.000E+00
 -4.320  0.000E+00
 -4.310  0.000E+00
 -4.300  0.000E+00
 -4.290  0.000E+00
 -4.280  0.000E+00
 -4.270  0.000E+00
 -4.260  0.000E+00
 -4.250  0.000E+00
 -4.240  0.000E+00
 -4.230  0.000E+00
 -4.220  0.000E+00
 -4.210  0.000E+00
 -4.200  0.000E+00
 -4.190  0.000E+00
 -4.180  0.000E+00
 -4.170  0.000E+00
 -4.160  0.000E+00
 -4.150  0.000E+00
 -4.140  0.000E+00
 -4.130  0.000E+00
 -4.120  0.000E+00
 -4.110  0.000E+00
 -4.100  0.000E+00
 -4.090  0.000E+00
 -4.080  0.000E+00
 -4.070  0.000E+00
 -4.060  0.000E+00
 -4.050  0.000E+00
 -4.040  0.000E+00
 -4.030  0.000E+00
 -4.020  0.000E+00
 -4.010  0.000E+00
 -4.000  0.000E+00
 -3.990  0.000E+00
 -3.980  0.000E+00
 -3.970  0.000E+00
 -3.960  0.000E+00
 -3.950  0.000E+00
 -3.940  0.000E+00
 -3.930  0.000E+00
 -3.920  0.000E+00
 -3.910  0.000E+00
 -3.900  0.000E+00
 -3.890  0.000E+00
 -3.880  0.000E+00
 -3.870  0.000E+00
 -3.860  0.000E+00
 -3.850  0.000E+00
 -3.840  0.000E+00
 -3.830  0.000E+00
 -3.820  0.000E+00
 -3.810  0.000E+00
 -3.800  0.000E+00
 -3.790  0.000E+00
 -3.780  0.000E+00
 -3.770  0.000E+00
 -3.760  0.000E+00
 -3.750  0.000E+00
 -3.740  0.000E+00
 -3.730  0.000E+00
 -3.720  0.000E+00
 -3.710  0.000E+00
 -3.700  0.000E+00
 -3.690  0.000E+00
 -3.680  0.000E+00
 -3.670  0.000E+00
 -3.660  0.000E+00
 -3.650  0.000E+00
 -3.640  0.000E+00
 -3.630  0.000E+00
 -3.620  0.000E+00
 -3.610  0.000E+00
 -3.600  0.000E+00
 -3.590  0.000E+00
 -3.580  0.000E+00
 -3.570  0.000E+00
 -3.560  0.000E+00
 -3.550  0.000E+00
 -3.540  0.000E+00
 -3.530  0.000E+00
 -3.520  0.000E+00
 -3.510  0.000E+00
 -3.500  0.000E+00
 -3.490  0.000E+00
 -3.480  0.000E+00
 -3.470  0.000E+00
 -3.460  0.000E+00
 -3.450  0.000E+00
 -3.440  0.000E+00
 -3.430  0.000E+00
 -3.420  0.000E+00
 -3.410  0.000E+00
 -3.400  0.000E+00
 -3.390  0.000E+00
 -3.380  0.000E+00
 -3.370  0.000E+00
 -3.360  0.000E+00
 -3.350  0.000E+00
 -3.340  0.000E+00
 -3.330  0.000E+00
 -3.320  0.000E+00
 -3.310  0.000E+00
 -3.300  0.000E+00
 -3.290  0.000E+00
 -3.280  0.000E+00
 -3.270  0.000E+00
 -3.260  0.000E+00
 -3.250  0.000E+00
 -3.240  0.000E+00
 -3.230  0.000E+00
 -3.220  0.000E+00
 -3.210  0.000E+00
 -3.200  0.000E+00
 -3.190  0.000E+00
 -3.180  0.000E+00
 -3.170  0.000E+00
 -3.160  0.000E+00
 -3.150  0.000E+00
 -3.140  0.000E+00
 -3.130  0.000E+00
 -3.120  0.000E+00
 -3.110  0.000E+00
 -3.100  0.000E+00
 -3.090  0.000E+00
 -3.080  0.000E+00
 -3.070  0.000E+00
 -3.060  0.000E+00
 -3.050  0.000E+00
 -3.040  0.000E+00
 -3.030  0.000E+00
 -3.020  0.000E+00
 -3.010  0.000E+00
 -3.000  0.000E+00
 -2.990  0.000E+00
 -2.980  0.000E+00
 -2.970  0.000E+00
 -2.960  0.000E+00
 -2.950  0.000E+00
 -2.940  0.000E+00
 -2.930  0.000E+00
 -2.920  0.000E+00
 -2.910  0.000E+00
 -2.900  0.000E+00
 -2.890  0.000E+00
 -2.880  0.000E+00
 -2.870  0.000E+00
 -2.860  0.000E+00
 -2.850  0.000E+00
 -2.840  0.000E+00
 -2.830  0.000E+00
 -2.820  0.000E+00
 -2.810  0.000E+00
 -2.800  0.000E+00
 -2.790  0.000E+00
 -2.780  0.000E+00
 -2.770  0.000E+00
 -2.760  0.000E+00
 -2.750  0.000E+00
 -2.740  0.000E+00
 -2.730  0.000E+00
 -2.720  0.000E+00
 -2.710  0.000E+00
 -2.700  0.000E+00
 -2.690  0.000E+00
 -2.680  0.000E+00
 -2.670  0.000E+00
 -2.660  0.000E+00
 -2.650  0.000E+00
 -2.640  0.000E+00
 -2.630  0.000E+00
 -2.620  0.000E+00
 -2.610  0.000E+00
 -2.600  0.000E+00
 -2.590  0.000E+00
 -2.580  0.000E+00
 -2.570  0.000E+00
 -2.560  0.000E+00
 -2.550  0.000E+00
 -2.540  0.000E+00
 -2.530  0.000E+00
 -2.520  0.000E+00
 -2.510  0.000E+00
 -2.500  0.000E+00
 -2.490  0.000E+00
 -2.480  0.000E+00
 -2.470  0.000E+00
 -2.460  0.000E+00
 -2.450  0.000E+00
 -2.440  0.000E+00
 -2.430  0.000E+00
 -2.420  0.000E+00
 -2.410  0.000E+00
 -2.400  0.000E+00
 -2.390  0.000E+00
 -2.380  0.000E+00
 -2.370  0.000E+00
 -2.360  0.000E+00
 -2.350  0.000E+00
 -2.340  0.000E+00
 -2.330  0.000E+00
 -2.320  0.000E+00
 -2.310  0.000E+00
 -2.300  0.000E+00
 -2.290  0.000E+00
 -2.280  0.000E+00
 -2.270  0.000E+00
 -2.260  0.000E+00
 -2.250  0.000E+00
 -2.240  0.000E+00
 -2.230  0.000E+00
 -2.220  0.000E+00
 -2.210  0.000E+00
 -2.200  0.000E+00
 -2.190  0.000E+00
 -2.180  0.000E+00
 -2.170  0.000E+00
 -2.160  0.000E+00
 -2.150  0.000E+00
 -2.140  0.000E+00
 -2.130  0.000E+00
 -2.120  0.000E+00
 -2.110  0.000E+00
 -2.100  0.000E+00
 -2.090  0.000E+00
 -2.080  0.000E+00
 -2.070  0.000E+00
 -2.060  0.000E+00
 -2.050  0.000E+00
 -2.040  0.000E+00
 -2.030  0.000E+00
 -2.020  0.000E+00
 -2.010  0.000E+00
 -2.000  0.000E+00
 -1.990  0.000E+00
 -1.980  0.000E+00
 -1.970  0.000E+00
 -1.960  0.000E+00
 -1.950  0.000E+00
 -1.940  0.000E+00
 -1.930  0.000E+00
 -1.920  0.000E+00
 -1.910  0.000E+00
 -1.900  0.000E+00
 -1.890  0.000E+00
 -1.880  0.000E+00
 -1.870  0.000E+00
 -1.860  0.000E+00
 -1.850  0.000E+00
 -1.840  0.000E+00
 -1.830  0.000E+00
 -1.820  0.000E+00
 -1.810  0.000E+00
 -1.800  0.000E+00
 -1.790  0.000E+00
 -1.780  0.000E+00
 -1.770  0.000E+00
 -1.760  0.000E+00
 -1.750  0.000E+00
 -1.740  0.000E+00
 -1.730  0.000E+00
 -1.720  0.000E+00
 -1.710  0.000E+00
 -1.700  0.000E+00
 -1.690  0.000E+00
 -1.680  0.000E+00
 -1.670  0.000E+00
 -1.660  0.000E+00
 -1.650  0.000E+00
 -1.640  0.000E+00
 -1.630  0.000E+00
 -1.620  0.000E+00
 -1.610  0.000E+00
 -1.600  0.000E+00
 -1.590  0.000E+00
 -1.580  0.000E+00
 -1.570  0.000E+00
 -1.560  0.000E+00
 -1.550  0.000E+00
 -1.540  0.000E+00
 -1.530  0.000E+00
 -1.520  0.000E+00
 -1.510  0.000E+00
 -1.500  0.000E+00
 -1.490  0.000E+00
 -1.480  0.000E+00
 -1.470  0.000E+00
 -1.460  0.000E+00
 -1.450  0.000E+00
 -1.440  0.000E+00
 -1.430  0.000E+00
 -1.420  0.000E+00
 -1.410  0.000E+00
 -1.400  0.000E+00
 -1.390  0.000E+00
 -1.380  0.000E+00
 -1.370  0.000E+00
 -1.360  0.000E+00
 -1.350  0.000E+00
 -1.340  0.000E+00
 -1.330  0.000E+00
 -1.320  0.000E+00
 -1.310  0.000E+00
 -1.300  0.000E+00
 -1.290  0.000E+00
 -1.280  0.000E+00
 -1.270  0.000E+00
 -1.260  0.000E+00
 -1.250  0.000E+00
 -1.240  0.000E+00
 -1.230  0.000E+00
 -1.220  0.000E+00
 -1.210  0.000E+00
 -1.200  0.000E+00
 -1.190  0.000E+00
 -1.180  0.000E+00
 -1.170  0.000E+00
 -1.160  0.000E+00
 -1.150  0.000E+00
 -1.140  0.000E+00
 -1.130  0.000E+00
 -1.120  0.000E+00
 -1.110  0.000E+00
 -1.100  0.000E+00
 -1.090  0.000E+00
 -1.080  0.000E+00
 -1.070  0.000E+00
 -1.060  0.000E+00
 -1.050  0.000E+00
 -1.040  0.000E+00
 -1.030  0.000E+00
 -1.020  0.000E+00
 -1.010  0.000E+00
 -1.000  0.000E+00
 -0.990  0.000E+00
 -0.980  0.000E+00
 -0.970  0.000E+00
 -0.960  0.000E+00
 -0.950  0.000E+00
 -0.940  0.000E+00
 -0.930  0.000E+00
 -0.920  0.000E+00
 -0.910  0.000E+00
 -0.900  0.000E+00
 -0.890  0.000E+00
 -0.880  0.000E+00
 -0.870  0.000E+00
 -0.860  0.000E+00
 -0.850  0.000E+00
 -0.840  0.000E+00
 -0.830  0.000E+00
 -0.820  0.000E+00
 -0.810  0.000E+00
 -0.800  0.000E+00
 -0.790  0.000E+00
 -0.780  0.000E+00
 -0.770  0.000E+00
 -0.760  0.000E+00
 -0.750  0.557E-15
 -0.740  0.117E-14
 -0.730  0.244E-14
 -0.720  0.503E-14
 -0.710  0.146E-13
 -0.700  0.297E-13
 -0.690  0.599E-13
 -0.680  0.120E-12
 -0.670  0.237E-12
 -0.660  0.462E-12
 -0.650  0.895E-12
 -0.640  0.172E-11
 -0.630  0.326E-11
 -0.620  0.611E-11
 -0.610  0.114E-10
 -0.600  0.209E-10
 -0.590  0.379E-10
 -0.580  0.683E-10
 -0.570  0.122E-09
 -0.560  0.215E-09
 -0.550  0.374E-09
 -0.540  0.647E-09
 -0.530  0.111E-08
 -0.520  0.187E-08
 -0.510  0.313E-08
 -0.500  0.519E-08
 -0.490  0.851E-08
 -0.480  0.139E-07
 -0.470  0.222E-07
 -0.460  0.353E-07
 -0.450  0.555E-07
 -0.440  0.865E-07
 -0.430  0.133E-06
 -0.420  0.204E-06
 -0.410  0.308E-06
 -0.400  0.461E-06
 -0.390  0.682E-06
 -0.380  0.100E-05
 -0.370  0.145E-05
 -0.360  0.209E-05
 -0.350  0.297E-05
 -0.340  0.418E-05
 -0.330  0.582E-05
 -0.320  0.804E-05
 -0.310  0.110E-04
 -0.300  0.149E-04
 -0.290  0.199E-04
 -0.280  0.266E-04
 -0.270  0.349E-04
 -0.260  0.455E-04
 -0.250  0.588E-04
 -0.240  0.752E-04
 -0.230  0.954E-04
 -0.220  0.120E-03
 -0.210  0.150E-03
 -0.200  0.185E-03
 -0.190  0.226E-03
 -0.180  0.275E-03
 -0.170  0.332E-03
 -0.160  0.397E-03
 -0.150  0.471E-03
 -0.140  0.555E-03
 -0.130  0.650E-03
 -0.120  0.754E-03
 -0.110  0.871E-03
 -0.100  0.999E-03
 -0.090  0.114E-02
 -0.080  0.129E-02
 -0.070  0.146E-02
 -0.060  0.163E-02
 -0.050  0.182E-02
 -0.040  0.201E-02
 -0.030  0.222E-02
 -0.020  0.244E-02
 -0.010  0.267E-02
  0.000  0.290E-02
  0.010  0.315E-02
  0.020  0.340E-02
  0.030  0.366E-02
  0.040  0.391E-02
  0.050  0.417E-02
  0.060  0.443E-02
  0.070  0.470E-02
  0.080  0.496E-02
  0.090  0.521E-02
  0.100  0.545E-02
  0.110  0.570E-02
  0.120  0.594E-02
  0.130  0.616E-02
  0.140  0.638E-02
  0.150  0.660E-02
  0.160  0.682E-02
  0.170  0.703E-02
  0.180  0.725E-02
  0.190  0.748E-02
  0.200  0.773E-02
  0.210  0.801E-02
  0.220  0.831E-02
  0.230  0.866E-02
  0.240  0.906E-02
  0.250  0.952E-02
  0.260  0.101E-01
  0.270  0.107E-01
  0.280  0.114E-01
  0.290  0.122E-01
  0.300  0.132E-01
  0.310  0.143E-01
  0.320  0.155E-01
  0.330  0.168E-01
  0.340  0.183E-01
  0.350  0.199E-01
  0.360  0.216E-01
  0.370  0.235E-01
  0.380  0.255E-01
  0.390  0.275E-01
  0.400  0.297E-01
  0.410  0.319E-01
  0.420  0.341E-01
  0.430  0.365E-01
  0.440  0.388E-01
  0.450  0.411E-01
  0.460  0.434E-01
  0.470  0.457E-01
  0.480  0.478E-01
  0.490  0.500E-01
  0.500  0.519E-01
  0.510  0.539E-01
  0.520  0.557E-01
  0.530  0.573E-01
  0.540  0.589E-01
  0.550  0.603E-01
  0.560  0.616E-01
  0.570  0.629E-01
  0.580  0.639E-01
  0.590  0.648E-01
  0.600  0.657E-01
  0.610  0.664E-01
  0.620  0.672E-01
  0.630  0.678E-01
  0.640  0.683E-01
  0.650  0.688E-01
  0.660  0.692E-01
  0.670  0.696E-01
  0.680  0.700E-01
  0.690  0.704E-01
  0.700  0.706E-01
  0.710  0.709E-01
  0.720  0.711E-01
  0.730  0.713E-01
  0.740  0.715E-01
  0.750  0.717E-01
  0.760  0.718E-01
  0.770  0.719E-01
  0.780  0.719E-01
  0.790  0.719E-01
  0.800  0.720E-01
  0.810  0.720E-01
  0.820  0.719E-01
  0.830  0.720E-01
  0.840  0.720E-01
  0.850  0.720E-01
  0.860  0.720E-01
  0.870  0.721E-01
  0.880  0.722E-01
  0.890  0.723E-01
  0.900  0.725E-01
  0.910  0.728E-01
  0.920  0.731E-01
  0.930  0.735E-01
  0.940  0.740E-01
  0.950  0.746E-01
  0.960  0.752E-01
  0.970  0.758E-01
  0.980  0.765E-01
  0.990  0.773E-01
  1.000  0.781E-01
  1.010  0.788E-01
  1.020  0.796E-01
  1.030  0.804E-01
  1.040  0.811E-01
  1.050  0.817E-01
  1.060  0.822E-01
  1.070  0.827E-01
  1.080  0.831E-01
  1.090  0.835E-01
  1.100  0.837E-01
  1.110  0.838E-01
  1.120  0.839E-01
  1.130  0.839E-01
  1.140  0.839E-01
  1.150  0.839E-01
  1.160  0.839E-01
  1.170  0.840E-01
  1.180  0.841E-01
  1.190  0.843E-01
  1.200  0.847E-01
  1.210  0.852E-01
  1.220  0.857E-01
  1.230  0.864E-01
  1.240  0.873E-01
  1.250  0.882E-01
  1.260  0.892E-01
  1.270  0.902E-01
  1.280  0.913E-01
  1.290  0.923E-01
  1.300  0.933E-01
  1.310  0.941E-01
  1.320  0.950E-01
  1.330  0.956E-01
  1.340  0.961E-01
  1.350  0.964E-01
  1.360  0.965E-01
  1.370  0.964E-01
  1.380  0.961E-01
  1.390  0.956E-01
  1.400  0.950E-01
  1.410  0.941E-01
  1.420  0.931E-01
  1.430  0.919E-01
  1.440  0.907E-01
  1.450  0.894E-01
  1.460  0.880E-01
  1.470  0.866E-01
  1.480  0.851E-01
  1.490  0.836E-01
  1.500  0.822E-01
  1.510  0.808E-01
  1.520  0.794E-01
  1.530  0.780E-01
  1.540  0.768E-01
  1.550  0.755E-01
  1.560  0.744E-01
  1.570  0.733E-01
  1.580  0.723E-01
  1.590  0.713E-01
  1.600  0.705E-01
  1.610  0.696E-01
  1.620  0.688E-01
  1.630  0.682E-01
  1.640  0.677E-01
  1.650  0.672E-01
  1.660  0.668E-01
  1.670  0.666E-01
  1.680  0.664E-01
  1.690  0.664E-01
  1.700  0.665E-01
  1.710  0.667E-01
  1.720  0.669E-01
  1.730  0.674E-01
  1.740  0.679E-01
  1.750  0.685E-01
  1.760  0.692E-01
  1.770  0.699E-01
  1.780  0.708E-01
  1.790  0.716E-01
  1.800  0.725E-01
  1.810  0.735E-01
  1.820  0.744E-01
  1.830  0.752E-01
  1.840  0.761E-01
  1.850  0.768E-01
  1.860  0.775E-01
  1.870  0.780E-01
  1.880  0.786E-01
  1.890  0.789E-01
  1.900  0.790E-01
  1.910  0.791E-01
  1.920  0.790E-01
  1.930  0.788E-01
  1.940  0.784E-01
  1.950  0.780E-01
  1.960  0.774E-01
  1.970  0.768E-01
  1.980  0.761E-01
  1.990  0.755E-01
  2.000  0.747E-01
  2.010  0.740E-01
  2.020  0.734E-01
  2.030  0.728E-01
  2.040  0.722E-01
  2.050  0.716E-01
  2.060  0.712E-01
  2.070  0.707E-01
  2.080  0.703E-01
  2.090  0.699E-01
  2.100  0.695E-01
  2.110  0.690E-01
  2.120  0.686E-01
  2.130  0.681E-01
  2.140  0.675E-01
  2.150  0.669E-01
  2.160  0.661E-01
  2.170  0.653E-01
  2.180  0.644E-01
  2.190  0.633E-01
  2.200  0.622E-01
  2.210  0.610E-01
  2.220  0.597E-01
  2.230  0.584E-01
  2.240  0.570E-01
  2.250  0.556E-01
  2.260  0.542E-01
  2.270  0.528E-01
  2.280  0.514E-01
  2.290  0.501E-01
  2.300  0.488E-01
  2.310  0.476E-01
  2.320  0.465E-01
  2.330  0.455E-01
  2.340  0.445E-01
  2.350  0.437E-01
  2.360  0.430E-01
  2.370  0.424E-01
  2.380  0.419E-01
  2.390  0.416E-01
  2.400  0.414E-01
  2.410  0.413E-01
  2.420  0.414E-01
  2.430  0.416E-01
  2.440  0.419E-01
  2.450  0.425E-01
  2.460  0.430E-01
  2.470  0.437E-01
  2.480  0.445E-01
  2.490  0.454E-01
  2.500  0.464E-01
  2.510  0.474E-01
  2.520  0.484E-01
  2.530  0.496E-01
  2.540  0.507E-01
  2.550  0.518E-01
  2.560  0.530E-01
  2.570  0.542E-01
  2.580  0.552E-01
  2.590  0.564E-01
  2.600  0.573E-01
  2.610  0.583E-01
  2.620  0.592E-01
  2.630  0.600E-01
  2.640  0.607E-01
  2.650  0.613E-01
  2.660  0.620E-01
  2.670  0.624E-01
  2.680  0.628E-01
  2.690  0.631E-01
  2.700  0.633E-01
  2.710  0.634E-01
  2.720  0.634E-01
  2.730  0.634E-01
  2.740  0.633E-01
  2.750  0.630E-01
  2.760  0.627E-01
  2.770  0.623E-01
  2.780  0.618E-01
  2.790  0.613E-01
  2.800  0.606E-01
  2.810  0.598E-01
  2.820  0.590E-01
  2.830  0.581E-01
  2.840  0.571E-01
  2.850  0.560E-01
  2.860  0.549E-01
  2.870  0.538E-01
  2.880  0.525E-01
  2.890  0.513E-01
  2.900  0.501E-01
  2.910  0.487E-01
  2.920  0.475E-01
  2.930  0.462E-01
  2.940  0.449E-01
  2.950  0.437E-01
  2.960  0.424E-01
  2.970  0.413E-01
  2.980  0.402E-01
  2.990  0.391E-01
  3.000  0.382E-01
  3.010  0.373E-01
  3.020  0.366E-01
  3.030  0.358E-01
  3.040  0.352E-01
  3.050  0.347E-01
  3.060  0.343E-01
  3.070  0.340E-01
  3.080  0.338E-01
  3.090  0.337E-01
  3.100  0.337E-01
  3.110  0.338E-01
  3.120  0.340E-01
  3.130  0.342E-01
  3.140  0.345E-01
  3.150  0.349E-01
  3.160  0.354E-01
  3.170  0.359E-01
  3.180  0.364E-01
  3.190  0.370E-01
  3.200  0.377E-01
  3.210  0.383E-01
  3.220  0.390E-01
  3.230  0.396E-01
  3.240  0.402E-01
  3.250  0.410E-01
  3.260  0.416E-01
  3.270  0.422E-01
  3.280  0.427E-01
  3.290  0.432E-01
  3.300  0.438E-01
  3.310  0.442E-01
  3.320  0.445E-01
  3.330  0.448E-01
  3.340  0.449E-01
  3.350  0.450E-01
  3.360  0.450E-01
  3.370  0.449E-01
  3.380  0.447E-01
  3.390  0.444E-01
  3.400  0.440E-01
  3.410  0.436E-01
  3.420  0.429E-01
  3.430  0.423E-01
  3.440  0.416E-01
  3.450  0.408E-01
  3.460  0.400E-01
  3.470  0.391E-01
  3.480  0.383E-01
  3.490  0.374E-01
  3.500  0.366E-01
  3.510  0.357E-01
  3.520  0.349E-01
  3.530  0.341E-01
  3.540  0.334E-01
  3.550  0.328E-01
  3.560  0.322E-01
  3.570  0.316E-01
  3.580  0.312E-01
  3.590  0.309E-01
  3.600  0.306E-01
  3.610  0.305E-01
  3.620  0.303E-01
  3.630  0.303E-01
  3.640  0.302E-01
  3.650  0.303E-01
  3.660  0.303E-01
  3.670  0.305E-01
  3.680  0.305E-01
  3.690  0.306E-01
  3.700  0.307E-01
  3.710  0.307E-01
  3.720  0.307E-01
  3.730  0.306E-01
  3.740  0.305E-01
  3.750  0.304E-01
  3.760  0.302E-01
  3.770  0.300E-01
  3.780  0.297E-01
  3.790  0.293E-01
  3.800  0.289E-01
  3.810  0.285E-01
  3.820  0.280E-01
  3.830  0.275E-01
  3.840  0.269E-01
  3.850  0.264E-01
  3.860  0.258E-01
  3.870  0.253E-01
  3.880  0.247E-01
  3.890  0.241E-01
  3.900  0.236E-01
  3.910  0.231E-01
  3.920  0.226E-01
  3.930  0.221E-01
  3.940  0.217E-01
  3.950  0.212E-01
  3.960  0.209E-01
  3.970  0.206E-01
  3.980  0.204E-01
  3.990  0.202E-01
  4.000  0.201E-01
  4.010  0.200E-01
  4.020  0.199E-01
  4.030  0.199E-01
  4.040  0.200E-01
  4.050  0.200E-01
  4.060  0.201E-01
  4.070  0.202E-01
  4.080  0.203E-01
  4.090  0.204E-01
  4.100  0.205E-01
  4.110  0.207E-01
  4.120  0.208E-01
  4.130  0.209E-01
  4.140  0.209E-01
  4.150  0.209E-01
  4.160  0.209E-01
  4.170  0.208E-01
  4.180  0.207E-01
  4.190  0.206E-01
  4.200  0.205E-01
  4.210  0.204E-01
  4.220  0.202E-01
  4.230  0.201E-01
  4.240  0.199E-01
  4.250  0.198E-01
  4.260  0.196E-01
  4.270  0.195E-01
  4.280  0.193E-01
  4.290  0.192E-01
  4.300  0.191E-01
  4.310  0.190E-01
  4.320  0.188E-01
  4.330  0.187E-01
  4.340  0.186E-01
  4.350  0.184E-01
  4.360  0.182E-01
  4.370  0.179E-01
  4.380  0.177E-01
  4.390  0.175E-01
  4.400  0.172E-01
  4.410  0.169E-01
  4.420  0.166E-01
  4.430  0.163E-01
  4.440  0.160E-01
  4.450  0.156E-01
  4.460  0.152E-01
  4.470  0.149E-01
  4.480  0.146E-01
  4.490  0.143E-01
  4.500  0.141E-01
  4.510  0.138E-01
  4.520  0.136E-01
  4.530  0.135E-01
  4.540  0.133E-01
  4.550  0.132E-01
  4.560  0.130E-01
  4.570  0.129E-01
  4.580  0.128E-01
  4.590  0.127E-01
  4.600  0.126E-01
  4.610  0.125E-01
  4.620  0.124E-01
  4.630  0.122E-01
  4.640  0.120E-01
  4.650  0.119E-01
  4.660  0.117E-01
  4.670  0.115E-01
  4.680  0.113E-01
  4.690  0.111E-01
  4.700  0.109E-01
  4.710  0.106E-01
  4.720  0.104E-01
  4.730  0.101E-01
  4.740  0.989E-02
  4.750  0.965E-02
  4.760  0.940E-02
  4.770  0.916E-02
  4.780  0.892E-02
  4.790  0.869E-02
  4.800  0.847E-02
  4.810  0.825E-02
  4.820  0.803E-02
  4.830  0.782E-02
  4.840  0.761E-02
  4.850  0.741E-02
  4.860  0.722E-02
  4.870  0.703E-02
  4.880  0.684E-02
  4.890  0.666E-02
  4.900  0.648E-02
  4.910  0.631E-02
  4.920  0.614E-02
  4.930  0.597E-02
  4.940  0.580E-02
  4.950  0.563E-02
  4.960  0.548E-02
  4.970  0.531E-02
  4.980  0.515E-02
  4.990  0.499E-02
  5.000  0.483E-02
  5.010  0.466E-02
  5.020  0.450E-02
  5.030  0.435E-02
  5.040  0.420E-02
  5.050  0.405E-02
  5.060  0.390E-02
  5.070  0.376E-02
  5.080  0.362E-02
  5.090  0.349E-02
  5.100  0.337E-02
  5.110  0.327E-02
  5.120  0.316E-02
  5.130  0.306E-02
  5.140  0.297E-02
  5.150  0.289E-02
  5.160  0.282E-02
  5.170  0.274E-02
  5.180  0.268E-02
  5.190  0.261E-02
  5.200  0.255E-02
  5.210  0.249E-02
  5.220  0.243E-02
  5.230  0.237E-02
  5.240  0.230E-02
  5.250  0.224E-02
  5.260  0.217E-02
  5.270  0.211E-02
  5.280  0.203E-02
  5.290  0.196E-02
  5.300  0.188E-02
  5.310  0.181E-02
  5.320  0.173E-02
  5.330  0.166E-02
  5.340  0.158E-02
  5.350  0.152E-02
  5.360  0.145E-02
  5.370  0.139E-02
  5.380  0.132E-02
  5.390  0.127E-02
  5.400  0.122E-02
  5.410  0.116E-02
  5.420  0.112E-02
  5.430  0.108E-02
  5.440  0.104E-02
  5.450  0.100E-02
  5.460  0.973E-03
  5.470  0.944E-03
  5.480  0.916E-03
  5.490  0.891E-03
  5.500  0.866E-03
  5.510  0.842E-03
  5.520  0.818E-03
  5.530  0.794E-03
  5.540  0.770E-03
  5.550  0.746E-03
  5.560  0.721E-03
  5.570  0.696E-03
  5.580  0.670E-03
  5.590  0.644E-03
  5.600  0.619E-03
  5.610  0.594E-03
  5.620  0.569E-03
  5.630  0.545E-03
  5.640  0.523E-03
  5.650  0.500E-03
  5.660  0.480E-03
  5.670  0.460E-03
  5.680  0.443E-03
  5.690  0.426E-03
  5.700  0.411E-03
  5.710  0.396E-03
  5.720  0.383E-03
  5.730  0.370E-03
  5.740  0.358E-03
  5.750  0.346E-03
  5.760  0.335E-03
  5.770  0.323E-03
  5.780  0.311E-03
  5.790  0.300E-03
  5.800  0.288E-03
  5.810  0.275E-03
  5.820  0.262E-03
  5.830  0.249E-03
  5.840  0.237E-03
  5.850  0.223E-03
  5.860  0.210E-03
  5.870  0.196E-03
  5.880  0.183E-03
  5.890  0.170E-03
  5.900  0.156E-03
  5.910  0.144E-03
  5.920  0.132E-03
  5.930  0.120E-03
  5.940  0.109E-03
  5.950  0.976E-04
  5.960  0.874E-04
  5.970  0.779E-04
  5.980  0.689E-04
  5.990  0.606E-04
  6.000  0.528E-04
  6.010  0.458E-04
  6.020  0.395E-04
  6.030  0.338E-04
  6.040  0.286E-04
  6.050  0.242E-04
  6.060  0.202E-04
  6.070  0.167E-04
  6.080  0.137E-04
  6.090  0.112E-04
  6.100  0.904E-05
  6.110  0.724E-05
  6.120  0.575E-05
  6.130  0.453E-05
  6.140  0.353E-05
  6.150  0.273E-05
  6.160  0.209E-05
  6.170  0.159E-05
  6.180  0.119E-05
  6.190  0.892E-06
  6.200  0.660E-06
  6.210  0.483E-06
  6.220  0.352E-06
  6.230  0.253E-06
  6.240  0.181E-06
  6.250  0.128E-06
  6.260  0.900E-07
  6.270  0.626E-07
  6.280  0.433E-07
  6.290  0.296E-07
  6.300  0.201E-07
  6.310  0.136E-07
  6.320  0.907E-08
  6.330  0.603E-08
  6.340  0.397E-08
  6.350  0.260E-08
  6.360  0.170E-08
  6.370  0.109E-08
  6.380  0.700E-09
  6.390  0.447E-09
  6.400  0.283E-09
  6.410  0.178E-09
  6.420  0.111E-09
  6.430  0.691E-10
  6.440  0.426E-10
  6.450  0.262E-10
  6.460  0.160E-10
  6.470  0.970E-11
  6.480  0.585E-11
  6.490  0.350E-11
  6.500  0.209E-11
  6.510  0.123E-11
  6.520  0.727E-12
  6.530  0.424E-12
  6.540  0.246E-12
  6.550  0.142E-12
  6.560  0.811E-13
  6.570  0.461E-13
  6.580  0.259E-13
  6.590  0.145E-13
  6.600  0.788E-14
  6.610  0.434E-14
  6.620  0.237E-14
  6.630  0.129E-14
  6.640  0.688E-15
  6.650  0.361E-15
  6.660  0.191E-15
  6.670  0.999E-16
  6.680  0.484E-16
  6.690  0.250E-16
  6.700  0.127E-16
  6.710  0.640E-17
  6.720  0.309E-17
  6.730  0.154E-17
  6.740  0.753E-18
  6.750  0.366E-18
  6.760  0.121E-18
  6.770  0.580E-19
  6.780  0.000E+00
  6.790  0.000E+00
  6.800  0.000E+00
  6.810  0.000E+00
  6.820  0.000E+00
  6.830  0.000E+00
  6.840  0.000E+00
  6.850  0.000E+00
  6.860  0.000E+00
  6.870  0.000E+00
  6.880  0.000E+00
  6.890  0.000E+00
  6.900  0.000E+00
  6.910  0.000E+00
  6.920  0.000E+00
  6.930  0.000E+00
  6.940  0.000E+00
  6.950  0.000E+00
  6.960  0.000E+00
  6.970  0.000E+00
  6.980  0.000E+00
  6.990  0.000E+00
  7.000  0.000E+00
  7.010  0.000E+00
  7.020  0.000E+00
  7.030  0.000E+00
  7.040  0.000E+00
  7.050  0.000E+00
  7.060  0.000E+00
  7.070  0.000E+00
  7.080  0.000E+00
  7.090  0.000E+00
  7.100  0.000E+00
  7.110  0.000E+00
  7.120  0.000E+00
  7.130  0.000E+00
  7.140  0.000E+00
  7.150  0.000E+00
  7.160  0.000E+00
  7.170  0.000E+00
  7.180  0.000E+00
  7.190  0.000E+00
  7.200  0.000E+00
  7.210  0.000E+00
  7.220  0.000E+00
  7.230  0.000E+00
  7.240  0.000E+00
  7.250  0.000E+00
  7.260  0.000E+00
  7.270  0.000E+00
  7.280  0.000E+00
  7.290  0.000E+00
  7.300  0.000E+00
  7.310  0.000E+00
  7.320  0.000E+00
  7.330  0.000E+00
  7.340  0.000E+00
  7.350  0.000E+00
  7.360  0.000E+00
  7.370  0.000E+00
  7.380  0.000E+00
  7.390  0.000E+00
  7.400  0.000E+00
  7.410  0.000E+00
  7.420  0.000E+00
  7.430  0.000E+00
  7.440  0.000E+00
  7.450  0.000E+00
  7.460  0.000E+00
  7.470  0.000E+00
  7.480  0.000E+00
  7.490  0.000E+00
  7.500  0.000E+00
  7.510  0.000E+00
  7.520  0.000E+00
  7.530  0.000E+00
  7.540  0.000E+00
  7.550  0.000E+00
  7.560  0.000E+00
  7.570  0.000E+00
  7.580  0.000E+00
  7.590  0.000E+00
  7.600  0.000E+00
  7.610  0.000E+00
  7.620  0.000E+00
  7.630  0.000E+00
  7.640  0.000E+00
  7.650  0.000E+00
  7.660  0.000E+00
  7.670  0.000E+00
  7.680  0.000E+00
  7.690  0.000E+00
  7.700  0.000E+00
  7.710  0.000E+00
  7.720  0.000E+00
  7.730  0.000E+00
  7.740  0.000E+00
  7.750  0.000E+00
  7.760  0.000E+00
  7.770  0.000E+00
  7.780  0.000E+00
  7.790  0.000E+00
  7.800  0.000E+00
  7.810  0.000E+00
  7.820  0.000E+00
  7.830  0.000E+00
  7.840  0.000E+00
  7.850  0.000E+00
  7.860  0.000E+00
  7.870  0.000E+00
  7.880  0.000E+00
  7.890  0.000E+00
  7.900  0.000E+00
  7.910  0.000E+00
  7.920  0.000E+00
  7.930  0.000E+00
  7.940  0.000E+00
  7.950  0.000E+00
  7.960  0.000E+00
  7.970  0.000E+00
  7.980  0.000E+00
  7.990  0.000E+00
  8.000  0.000E+00
  8.010  0.000E+00
  8.020  0.000E+00
  8.030  0.000E+00
  8.040  0.000E+00
  8.050  0.000E+00
  8.060  0.000E+00
  8.070  0.000E+00
  8.080  0.000E+00
  8.090  0.000E+00
  8.100  0.000E+00
  8.110  0.000E+00
  8.120  0.000E+00
  8.130  0.000E+00
  8.140  0.000E+00
  8.150  0.000E+00
  8.160  0.000E+00
  8.170  0.000E+00
  8.180  0.000E+00
  8.190  0.000E+00
  8.200  0.000E+00
  8.210  0.000E+00
  8.220  0.000E+00
  8.230  0.000E+00
  8.240  0.000E+00
  8.250  0.000E+00
  8.260  0.000E+00
  8.270  0.000E+00
  8.280  0.000E+00
  8.290  0.000E+00
  8.300  0.000E+00
  8.310  0.000E+00
  8.320  0.000E+00
  8.330  0.000E+00
  8.340  0.000E+00
  8.350  0.000E+00
  8.360  0.000E+00
  8.370  0.000E+00
  8.380  0.000E+00
  8.390  0.000E+00
  8.400  0.000E+00
  8.410  0.000E+00
  8.420  0.000E+00
  8.430  0.000E+00
  8.440  0.000E+00
  8.450  0.000E+00
  8.460  0.000E+00
  8.470  0.000E+00
  8.480  0.000E+00
  8.490  0.000E+00
  8.500  0.000E+00
  8.510  0.000E+00
  8.520  0.000E+00
  8.530  0.000E+00
  8.540  0.000E+00
  8.550  0.000E+00
  8.560  0.000E+00
  8.570  0.000E+00
  8.580  0.000E+00
  8.590  0.000E+00
  8.600  0.000E+00
  8.610  0.000E+00
  8.620  0.000E+00
  8.630  0.000E+00
  8.640  0.000E+00
  8.650  0.000E+00
  8.660  0.000E+00
  8.670  0.000E+00
  8.680  0.000E+00
  8.690  0.000E+00
  8.700  0.000E+00
  8.710  0.000E+00
  8.720  0.000E+00
  8.730  0.000E+00
  8.740  0.000E+00
  8.750  0.000E+00
  8.760  0.000E+00
  8.770  0.000E+00
  8.780  0.000E+00
  8.790  0.000E+00
  8.800  0.000E+00
  8.810  0.000E+00
  8.820  0.000E+00
  8.830  0.000E+00
  8.840  0.000E+00
  8.850  0.000E+00
  8.860  0.000E+00
  8.870  0.000E+00
  8.880  0.000E+00
  8.890  0.000E+00
  8.900  0.000E+00
  8.910  0.000E+00
  8.920  0.000E+00
  8.930  0.000E+00
  8.940  0.000E+00
  8.950  0.000E+00
  8.960  0.000E+00
  8.970  0.000E+00
  8.980  0.000E+00
  8.990  0.000E+00
  9.000  0.000E+00
  9.010  0.000E+00
  9.020  0.000E+00
  9.030  0.000E+00
  9.040  0.000E+00
  9.050  0.000E+00
  9.060  0.000E+00
  9.070  0.000E+00
  9.080  0.000E+00
  9.090  0.000E+00
  9.100  0.000E+00
  9.110  0.000E+00
  9.120  0.000E+00
  9.130  0.000E+00
  9.140  0.000E+00
  9.150  0.000E+00
  9.160  0.000E+00
  9.170  0.000E+00
  9.180  0.000E+00
  9.190  0.000E+00
  9.200  0.000E+00
  9.210  0.000E+00
  9.220  0.000E+00
  9.230  0.000E+00
  9.240  0.000E+00
  9.250  0.000E+00
  9.260  0.000E+00
  9.270  0.000E+00
  9.280  0.000E+00
  9.290  0.000E+00
  9.300  0.000E+00
  9.310  0.000E+00
  9.320  0.000E+00
  9.330  0.000E+00
  9.340  0.000E+00
  9.350  0.000E+00
  9.360  0.000E+00
  9.370  0.000E+00
  9.380  0.000E+00
  9.390  0.000E+00
  9.400  0.000E+00
  9.410  0.000E+00
  9.420  0.000E+00
  9.430  0.000E+00
  9.440  0.000E+00
  9.450  0.000E+00
  9.460  0.000E+00
  9.470  0.000E+00
  9.480  0.000E+00
  9.490  0.000E+00
  9.500  0.000E+00
  9.510  0.000E+00
  9.520  0.000E+00
  9.530  0.000E+00
  9.540  0.000E+00
  9.550  0.000E+00
  9.560  0.000E+00
  9.570  0.000E+00
  9.580  0.000E+00
  9.590  0.000E+00
  9.600  0.000E+00
  9.610  0.000E+00
  9.620  0.000E+00
  9.630  0.000E+00
  9.640  0.000E+00
  9.650  0.000E+00
  9.660  0.000E+00
  9.670  0.000E+00
  9.680  0.000E+00
  9.690  0.000E+00
  9.700  0.000E+00
  9.710  0.000E+00
  9.720  0.000E+00
  9.730  0.000E+00
  9.740  0.000E+00
  9.750  0.000E+00
  9.760  0.000E+00
  9.770  0.000E+00
  9.780  0.000E+00
  9.790  0.000E+00
  9.800  0.000E+00
  9.810  0.000E+00
  9.820  0.000E+00
  9.830  0.000E+00
  9.840  0.000E+00
  9.850  0.000E+00
  9.860  0.000E+00
  9.870  0.000E+00
  9.880  0.000E+00
  9.890  0.000E+00
  9.900  0.000E+00
  9.910  0.000E+00
  9.920  0.000E+00
  9.930  0.000E+00
  9.940  0.000E+00
  9.950  0.000E+00
  9.960  0.000E+00
  9.970  0.000E+00
  9.980  0.000E+00
  9.990  0.000E+00
 10.000  0.000E+00
 10.010  0.000E+00
 10.020  0.000E+00
 10.030  0.000E+00
 10.040  0.000E+00
 10.050  0.000E+00
 10.060  0.000E+00
 10.070  0.000E+00
 10.080  0.000E+00
 10.090  0.000E+00
 10.100  0.000E+00
 10.110  0.000E+00
 10.120  0.000E+00
 10.130  0.000E+00
 10.140  0.000E+00
 10.150  0.000E+00
 10.160  0.000E+00
 10.170  0.000E+00
 10.180  0.000E+00
 10.190  0.000E+00
 10.200  0.000E+00
 10.210  0.000E+00
 10.220  0.000E+00
 10.230  0.000E+00
 10.240  0.000E+00
 10.250  0.000E+00
 10.260  0.000E+00
 10.270  0.000E+00
 10.280  0.000E+00
 10.290  0.000E+00
 10.300  0.000E+00
 10.310  0.000E+00
 10.320  0.000E+00
 10.330  0.000E+00
 10.340  0.000E+00
 10.350  0.000E+00
 10.360  0.000E+00
 10.370  0.000E+00
 10.380  0.000E+00
 10.390  0.000E+00
 10.400  0.000E+00
 10.410  0.000E+00
 10.420  0.000E+00
 10.430  0.000E+00
 10.440  0.000E+00
 10.450  0.000E+00
 10.460  0.000E+00
 10.470  0.000E+00
 10.480  0.000E+00
 10.490  0.000E+00
 10.500  0.000E+00
 10.510  0.000E+00
 10.520  0.000E+00
 10.530  0.000E+00
 10.540  0.000E+00
 10.550  0.000E+00
 10.560  0.000E+00
 10.570  0.000E+00
 10.580  0.000E+00
 10.590  0.000E+00
 10.600  0.000E+00
 10.610  0.000E+00
 10.620  0.000E+00
 10.630  0.000E+00
 10.640  0.000E+00
 10.650  0.000E+00
 10.660  0.000E+00
 10.670  0.000E+00
 10.680  0.000E+00
 10.690  0.000E+00
 10.700  0.000E+00
 10.710  0.000E+00
 10.720  0.000E+00
 10.730  0.000E+00
 10.740  0.000E+00
 10.750  0.000E+00
 10.760  0.000E+00
 10.770  0.000E+00
 10.780  0.000E+00
 10.790  0.000E+00
 10.800  0.000E+00
 10.810  0.000E+00
 10.820  0.000E+00
 10.830  0.000E+00
 10.840  0.000E+00
 10.850  0.000E+00
 10.860  0.000E+00
 10.870  0.000E+00
 10.880  0.000E+00
 10.890  0.000E+00
 10.900  0.000E+00
 10.910  0.000E+00
 10.920  0.000E+00
 10.930  0.000E+00
 10.940  0.000E+00
 10.950  0.000E+00
 10.960  0.000E+00
 10.970  0.000E+00
 10.980  0.000E+00
 10.990  0.000E+00
 11.000  0.000E+00
 11.010  0.000E+00
 11.020  0.000E+00
 11.030  0.000E+00
 11.040  0.000E+00
 11.050  0.000E+00
 11.060  0.000E+00
 11.070  0.000E+00
 11.080  0.000E+00
 11.090  0.000E+00
 11.100  0.000E+00
 11.110  0.000E+00
 11.120  0.000E+00
 11.130  0.000E+00
 11.140  0.000E+00
 11.150  0.000E+00
 11.160  0.000E+00
 11.170  0.000E+00
 11.180  0.000E+00
 11.190  0.000E+00
 11.200  0.000E+00
 11.210  0.000E+00
 11.220  0.000E+00
 11.230  0.000E+00
 11.240  0.000E+00
 11.250  0.000E+00
 11.260  0.000E+00
 11.270  0.000E+00
 11.280  0.000E+00
 11.290  0.000E+00
 11.300  0.000E+00
 11.310  0.000E+00
 11.320  0.000E+00
 11.330  0.000E+00
 11.340  0.000E+00
 11.350  0.000E+00
 11.360  0.000E+00
 11.370  0.000E+00
 11.380  0.000E+00
 11.390  0.000E+00
 11.400  0.000E+00
 11.410  0.000E+00
 11.420  0.000E+00
 11.430  0.000E+00
 11.440  0.000E+00
 11.450  0.000E+00
 11.460  0.000E+00
 11.470  0.000E+00
 11.480  0.000E+00
 11.490  0.000E+00
 11.500  0.000E+00
 11.510  0.000E+00
 11.520  0.000E+00
 11.530  0.000E+00
 11.540  0.000E+00
 11.550  0.000E+00
 11.560  0.000E+00
 11.570  0.000E+00
 11.580  0.000E+00
 11.590  0.000E+00
 11.600  0.000E+00
 11.610  0.000E+00
 11.620  0.000E+00
 11.630  0.000E+00
 11.640  0.000E+00
 11.650  0.000E+00
 11.660  0.000E+00
 11.670  0.000E+00
 11.680  0.000E+00
 11.690  0.000E+00
 11.700  0.000E+00
 11.710  0.000E+00
 11.720  0.000E+00
 11.730  0.000E+00
 11.740  0.000E+00
 11.750  0.000E+00
 11.760  0.000E+00
 11.770  0.000E+00
 11.780  0.000E+00
 11.790  0.000E+00
 11.800  0.000E+00
 11.810  0.000E+00
 11.820  0.000E+00
 11.830  0.000E+00
 11.840  0.000E+00
 11.850  0.000E+00
 11.860  0.000E+00
 11.870  0.000E+00
 11.880  0.000E+00
 11.890  0.000E+00
 11.900  0.000E+00
 11.910  0.000E+00
 11.920  0.000E+00
 11.930  0.000E+00
 11.940  0.000E+00
 11.950  0.000E+00
 11.960  0.000E+00
 11.970  0.000E+00
 11.980  0.000E+00
 11.990  0.000E+00
 12.000  0.000E+00
 12.010  0.000E+00
 12.020  0.000E+00
 12.030  0.000E+00
 12.040  0.000E+00
 12.050  0.000E+00
 12.060  0.000E+00
 12.070  0.000E+00
 12.080  0.000E+00
 12.090  0.000E+00
 12.100  0.000E+00
 12.110  0.000E+00
 12.120  0.000E+00
 12.130  0.000E+00
 12.140  0.000E+00
 12.150  0.000E+00
 12.160  0.000E+00
 12.170  0.000E+00
 12.180  0.000E+00
 12.190  0.000E+00
 12.200  0.000E+00
 12.210  0.000E+00
 12.220  0.000E+00
 12.230  0.000E+00
 12.240  0.000E+00
 12.250  0.000E+00
 12.260  0.000E+00
 12.270  0.000E+00
 12.280  0.000E+00
 12.290  0.000E+00
 12.300  0.000E+00
 12.310  0.000E+00
 12.320  0.000E+00
 12.330  0.000E+00
 12.340  0.000E+00
 12.350  0.000E+00
 12.360  0.000E+00
 12.370  0.000E+00
 12.380  0.000E+00
 12.390  0.000E+00
 12.400  0.000E+00
 12.410  0.000E+00
 12.420  0.000E+00
 12.430  0.000E+00
 12.440  0.000E+00
 12.450  0.000E+00
 12.460  0.000E+00
 12.470  0.000E+00
 12.480  0.000E+00
 12.490  0.000E+00
 12.500  0.000E+00
 12.510  0.000E+00
 12.520  0.000E+00
 12.530  0.000E+00
 12.540  0.000E+00
 12.550  0.000E+00
 12.560  0.000E+00
 12.570  0.000E+00
 12.580  0.000E+00
 12.590  0.000E+00
 12.600  0.000E+00
 12.610  0.000E+00
 12.620  0.000E+00
 12.630  0.000E+00
 12.640  0.000E+00
 12.650  0.000E+00
 12.660  0.000E+00
 12.670  0.000E+00
 12.680  0.000E+00
 12.690  0.000E+00
 12.700  0.000E+00
 12.710  0.000E+00
 12.720  0.000E+00
 12.730  0.000E+00
 12.740  0.000E+00
 12.750  0.000E+00
 12.760  0.000E+00
 12.770  0.000E+00
 12.780  0.000E+00
 12.790  0.000E+00
 12.800  0.000E+00
 12.810  0.000E+00
 12.820  0.000E+00
 12.830  0.000E+00
 12.840  0.000E+00
 12.850  0.000E+00
 12.860  0.000E+00
 12.870  0.000E+00
 12.880  0.000E+00
 12.890  0.000E+00
 12.900  0.423E-14
 12.910  0.884E-14
 12.920  0.183E-13
 12.930  0.375E-13
 12.940  0.759E-13
 12.950  0.152E-12
 12.960  0.302E-12
 12.970  0.591E-12
 12.980  0.115E-11
 12.990  0.220E-11
 13.000  0.418E-11
 13.010  0.788E-11
 13.020  0.147E-10
 13.030  0.270E-10
 13.040  0.490E-10
 13.050  0.882E-10
 13.060  0.157E-09
 13.070  0.277E-09
 13.080  0.482E-09
 13.090  0.832E-09
 13.100  0.142E-08
 13.110  0.240E-08
 13.120  0.401E-08
 13.130  0.661E-08
 13.140  0.108E-07
 13.150  0.175E-07
 13.160  0.280E-07
 13.170  0.444E-07
 13.180  0.696E-07
 13.190  0.108E-06
 13.200  0.166E-06
 13.210  0.252E-06
 13.220  0.379E-06
 13.230  0.564E-06
 13.240  0.832E-06
 13.250  0.122E-05
 13.260  0.175E-05
 13.270  0.251E-05
 13.280  0.355E-05
 13.290  0.498E-05
 13.300  0.692E-05
 13.310  0.952E-05
 13.320  0.130E-04
 13.330  0.175E-04
 13.340  0.235E-04
 13.350  0.312E-04
 13.360  0.410E-04
 13.370  0.536E-04
 13.380  0.693E-04
 13.390  0.889E-04
 13.400  0.113E-03
 13.410  0.143E-03
 13.420  0.179E-03
 13.430  0.223E-03
 13.440  0.276E-03
 13.450  0.339E-03
 13.460  0.414E-03
 13.470  0.500E-03
 13.480  0.602E-03
 13.490  0.720E-03
 13.500  0.855E-03
 13.510  0.101E-02
 13.520  0.119E-02
 13.530  0.138E-02
 13.540  0.160E-02
 13.550  0.184E-02
 13.560  0.211E-02
 13.570  0.241E-02
 13.580  0.272E-02
 13.590  0.305E-02
 13.600  0.341E-02
 13.610  0.379E-02
 13.620  0.420E-02
 13.630  0.462E-02
 13.640  0.504E-02
 13.650  0.549E-02
 13.660  0.595E-02
 13.670  0.641E-02
 13.680  0.687E-02
 13.690  0.734E-02
 13.700  0.782E-02
 13.710  0.829E-02
 13.720  0.875E-02
 13.730  0.921E-02
 13.740  0.966E-02
 13.750  0.101E-01
 13.760  0.106E-01
 13.770  0.110E-01
 13.780  0.114E-01
 13.790  0.118E-01
 13.800  0.121E-01
 13.810  0.125E-01
 13.820  0.128E-01
 13.830  0.131E-01
 13.840  0.135E-01
 13.850  0.138E-01
 13.860  0.141E-01
 13.870  0.143E-01
 13.880  0.146E-01
 13.890  0.149E-01
 13.900  0.152E-01
 13.910  0.156E-01
 13.920  0.159E-01
 13.930  0.162E-01
 13.940  0.166E-01
 13.950  0.169E-01
 13.960  0.173E-01
 13.970  0.177E-01
 13.980  0.180E-01
 13.990  0.184E-01
 14.000  0.187E-01
 14.010  0.191E-01
 14.020  0.194E-01
 14.030  0.197E-01
 14.040  0.200E-01
 14.050  0.203E-01
 14.060  0.206E-01
 14.070  0.208E-01
 14.080  0.211E-01
 14.090  0.213E-01
 14.100  0.216E-01
 14.110  0.219E-01
 14.120  0.223E-01
 14.130  0.226E-01
 14.140  0.231E-01
 14.150  0.235E-01
 14.160  0.241E-01
 14.170  0.247E-01
 14.180  0.253E-01
 14.190  0.260E-01
 14.200  0.268E-01
 14.210  0.277E-01
 14.220  0.285E-01
 14.230  0.295E-01
 14.240  0.304E-01
 14.250  0.313E-01
 14.260  0.323E-01
 14.270  0.332E-01
 14.280  0.340E-01
 14.290  0.348E-01
 14.300  0.354E-01
 14.310  0.360E-01
 14.320  0.364E-01
 14.330  0.366E-01
 14.340  0.368E-01
 14.350  0.367E-01
 14.360  0.366E-01
 14.370  0.362E-01
 14.380  0.358E-01
 14.390  0.353E-01
 14.400  0.347E-01
 14.410  0.341E-01
 14.420  0.334E-01
 14.430  0.328E-01
 14.440  0.323E-01
 14.450  0.318E-01
 14.460  0.315E-01
 14.470  0.314E-01
 14.480  0.314E-01
 14.490  0.316E-01
 14.500  0.321E-01
 14.510  0.327E-01
 14.520  0.336E-01
 14.530  0.348E-01
 14.540  0.361E-01
 14.550  0.376E-01
 14.560  0.392E-01
 14.570  0.410E-01
 14.580  0.429E-01
 14.590  0.448E-01
 14.600  0.467E-01
 14.610  0.486E-01
 14.620  0.504E-01
 14.630  0.521E-01
 14.640  0.537E-01
 14.650  0.552E-01
 14.660  0.565E-01
 14.670  0.577E-01
 14.680  0.586E-01
 14.690  0.595E-01
 14.700  0.601E-01
 14.710  0.606E-01
 14.720  0.611E-01
 14.730  0.614E-01
 14.740  0.616E-01
 14.750  0.618E-01
 14.760  0.620E-01
 14.770  0.621E-01
 14.780  0.623E-01
 14.790  0.625E-01
 14.800  0.627E-01
 14.810  0.629E-01
 14.820  0.632E-01
 14.830  0.635E-01
 14.840  0.639E-01
 14.850  0.643E-01
 14.860  0.648E-01
 14.870  0.654E-01
 14.880  0.662E-01
 14.890  0.670E-01
 14.900  0.680E-01
 14.910  0.693E-01
 14.920  0.707E-01
 14.930  0.724E-01
 14.940  0.743E-01
 14.950  0.765E-01
 14.960  0.790E-01
 14.970  0.818E-01
 14.980  0.849E-01
 14.990  0.882E-01
 15.000  0.918E-01
 15.010  0.957E-01
 15.020  0.997E-01
 15.030  0.104E+00
 15.040  0.108E+00
 15.050  0.112E+00
 15.060  0.116E+00
 15.070  0.120E+00
 15.080  0.124E+00
 15.090  0.128E+00
 15.100  0.132E+00
 15.110  0.135E+00
 15.120  0.138E+00
 15.130  0.141E+00
 15.140  0.144E+00
 15.150  0.146E+00
 15.160  0.148E+00
 15.170  0.150E+00
 15.180  0.152E+00
 15.190  0.154E+00
 15.200  0.155E+00
 15.210  0.157E+00
 15.220  0.159E+00
 15.230  0.161E+00
 15.240  0.164E+00
 15.250  0.166E+00
 15.260  0.169E+00
 15.270  0.172E+00
 15.280  0.176E+00
 15.290  0.179E+00
 15.300  0.183E+00
 15.310  0.188E+00
 15.320  0.192E+00
 15.330  0.196E+00
 15.340  0.201E+00
 15.350  0.206E+00
 15.360  0.210E+00
 15.370  0.215E+00
 15.380  0.219E+00
 15.390  0.223E+00
 15.400  0.227E+00
 15.410  0.230E+00
 15.420  0.233E+00
 15.430  0.236E+00
 15.440  0.238E+00
 15.450  0.240E+00
 15.460  0.241E+00
 15.470  0.241E+00
 15.480  0.241E+00
 15.490  0.241E+00
 15.500  0.240E+00
 15.510  0.238E+00
 15.520  0.236E+00
 15.530  0.234E+00
 15.540  0.231E+00
 15.550  0.228E+00
 15.560  0.224E+00
 15.570  0.221E+00
 15.580  0.217E+00
 15.590  0.213E+00
 15.600  0.209E+00
 15.610  0.205E+00
 15.620  0.202E+00
 15.630  0.198E+00
 15.640  0.194E+00
 15.650  0.191E+00
 15.660  0.187E+00
 15.670  0.184E+00
 15.680  0.182E+00
 15.690  0.179E+00
 15.700  0.177E+00
 15.710  0.175E+00
 15.720  0.174E+00
 15.730  0.172E+00
 15.740  0.172E+00
 15.750  0.171E+00
 15.760  0.171E+00
 15.770  0.171E+00
 15.780  0.172E+00
 15.790  0.173E+00
 15.800  0.174E+00
 15.810  0.176E+00
 15.820  0.178E+00
 15.830  0.179E+00
 15.840  0.181E+00
 15.850  0.183E+00
 15.860  0.186E+00
 15.870  0.188E+00
 15.880  0.190E+00
 15.890  0.192E+00
 15.900  0.194E+00
 15.910  0.195E+00
 15.920  0.196E+00
 15.930  0.197E+00
 15.940  0.198E+00
 15.950  0.198E+00
 15.960  0.199E+00
 15.970  0.198E+00
 15.980  0.198E+00
 15.990  0.197E+00
 16.000  0.195E+00
 16.010  0.193E+00
 16.020  0.191E+00
 16.030  0.188E+00
 16.040  0.185E+00
 16.050  0.181E+00
 16.060  0.177E+00
 16.070  0.173E+00
 16.080  0.169E+00
 16.090  0.164E+00
 16.100  0.159E+00
 16.110  0.155E+00
 16.120  0.150E+00
 16.130  0.145E+00
 16.140  0.140E+00
 16.150  0.136E+00
 16.160  0.132E+00
 16.170  0.128E+00
 16.180  0.124E+00
 16.190  0.121E+00
 16.200  0.118E+00
 16.210  0.116E+00
 16.220  0.114E+00
 16.230  0.112E+00
 16.240  0.110E+00
 16.250  0.109E+00
 16.260  0.109E+00
 16.270  0.108E+00
 16.280  0.107E+00
 16.290  0.107E+00
 16.300  0.106E+00
 16.310  0.106E+00
 16.320  0.105E+00
 16.330  0.105E+00
 16.340  0.105E+00
 16.350  0.104E+00
 16.360  0.104E+00
 16.370  0.105E+00
 16.380  0.104E+00
 16.390  0.104E+00
 16.400  0.105E+00
 16.410  0.106E+00
 16.420  0.107E+00
 16.430  0.109E+00
 16.440  0.110E+00
 16.450  0.112E+00
 16.460  0.114E+00
 16.470  0.116E+00
 16.480  0.118E+00
 16.490  0.120E+00
 16.500  0.122E+00
 16.510  0.124E+00
 16.520  0.126E+00
 16.530  0.127E+00
 16.540  0.128E+00
 16.550  0.130E+00
 16.560  0.130E+00
 16.570  0.131E+00
 16.580  0.131E+00
 16.590  0.130E+00
 16.600  0.129E+00
 16.610  0.128E+00
 16.620  0.126E+00
 16.630  0.124E+00
 16.640  0.122E+00
 16.650  0.119E+00
 16.660  0.116E+00
 16.670  0.112E+00
 16.680  0.109E+00
 16.690  0.106E+00
 16.700  0.102E+00
 16.710  0.989E-01
 16.720  0.956E-01
 16.730  0.925E-01
 16.740  0.896E-01
 16.750  0.870E-01
 16.760  0.847E-01
 16.770  0.828E-01
 16.780  0.812E-01
 16.790  0.800E-01
 16.800  0.791E-01
 16.810  0.786E-01
 16.820  0.783E-01
 16.830  0.783E-01
 16.840  0.786E-01
 16.850  0.790E-01
 16.860  0.797E-01
 16.870  0.805E-01
 16.880  0.815E-01
 16.890  0.825E-01
 16.900  0.837E-01
 16.910  0.849E-01
 16.920  0.861E-01
 16.930  0.874E-01
 16.940  0.888E-01
 16.950  0.901E-01
 16.960  0.914E-01
 16.970  0.927E-01
 16.980  0.940E-01
 16.990  0.952E-01
 17.000  0.963E-01
 17.010  0.973E-01
 17.020  0.983E-01
 17.030  0.991E-01
 17.040  0.999E-01
 17.050  0.100E+00
 17.060  0.101E+00
 17.070  0.101E+00
 17.080  0.102E+00
 17.090  0.102E+00
 17.100  0.102E+00
 17.110  0.102E+00
 17.120  0.103E+00
 17.130  0.103E+00
 17.140  0.103E+00
 17.150  0.102E+00
 17.160  0.102E+00
 17.170  0.102E+00
 17.180  0.101E+00
 17.190  0.100E+00
 17.200  0.998E-01
 17.210  0.985E-01
 17.220  0.969E-01
 17.230  0.950E-01
 17.240  0.929E-01
 17.250  0.906E-01
 17.260  0.881E-01
 17.270  0.854E-01
 17.280  0.826E-01
 17.290  0.798E-01
 17.300  0.769E-01
 17.310  0.741E-01
 17.320  0.714E-01
 17.330  0.688E-01
 17.340  0.663E-01
 17.350  0.641E-01
 17.360  0.622E-01
 17.370  0.606E-01
 17.380  0.592E-01
 17.390  0.581E-01
 17.400  0.572E-01
 17.410  0.565E-01
 17.420  0.560E-01
 17.430  0.557E-01
 17.440  0.555E-01
 17.450  0.554E-01
 17.460  0.553E-01
 17.470  0.553E-01
 17.480  0.552E-01
 17.490  0.550E-01
 17.500  0.549E-01
 17.510  0.546E-01
 17.520  0.543E-01
 17.530  0.540E-01
 17.540  0.536E-01
 17.550  0.533E-01
 17.560  0.529E-01
 17.570  0.526E-01
 17.580  0.524E-01
 17.590  0.523E-01
 17.600  0.523E-01
 17.610  0.525E-01
 17.620  0.528E-01
 17.630  0.533E-01
 17.640  0.540E-01
 17.650  0.548E-01
 17.660  0.557E-01
 17.670  0.568E-01
 17.680  0.579E-01
 17.690  0.591E-01
 17.700  0.603E-01
 17.710  0.614E-01
 17.720  0.624E-01
 17.730  0.632E-01
 17.740  0.640E-01
 17.750  0.645E-01
 17.760  0.648E-01
 17.770  0.647E-01
 17.780  0.645E-01
 17.790  0.639E-01
 17.800  0.630E-01
 17.810  0.619E-01
 17.820  0.605E-01
 17.830  0.589E-01
 17.840  0.571E-01
 17.850  0.552E-01
 17.860  0.531E-01
 17.870  0.510E-01
 17.880  0.488E-01
 17.890  0.466E-01
 17.900  0.444E-01
 17.910  0.424E-01
 17.920  0.403E-01
 17.930  0.384E-01
 17.940  0.367E-01
 17.950  0.351E-01
 17.960  0.337E-01
 17.970  0.324E-01
 17.980  0.313E-01
 17.990  0.304E-01
 18.000  0.296E-01
 18.010  0.289E-01
 18.020  0.284E-01
 18.030  0.280E-01
 18.040  0.277E-01
 18.050  0.275E-01
 18.060  0.273E-01
 18.070  0.272E-01
 18.080  0.271E-01
 18.090  0.271E-01
 18.100  0.271E-01
 18.110  0.271E-01
 18.120  0.271E-01
 18.130  0.271E-01
 18.140  0.272E-01
 18.150  0.273E-01
 18.160  0.273E-01
 18.170  0.274E-01
 18.180  0.274E-01
 18.190  0.275E-01
 18.200  0.275E-01
 18.210  0.275E-01
 18.220  0.275E-01
 18.230  0.274E-01
 18.240  0.272E-01
 18.250  0.270E-01
 18.260  0.267E-01
 18.270  0.263E-01
 18.280  0.258E-01
 18.290  0.253E-01
 18.300  0.246E-01
 18.310  0.238E-01
 18.320  0.228E-01
 18.330  0.219E-01
 18.340  0.209E-01
 18.350  0.198E-01
 18.360  0.187E-01
 18.370  0.176E-01
 18.380  0.165E-01
 18.390  0.154E-01
 18.400  0.143E-01
 18.410  0.133E-01
 18.420  0.123E-01
 18.430  0.115E-01
 18.440  0.106E-01
 18.450  0.987E-02
 18.460  0.921E-02
 18.470  0.864E-02
 18.480  0.814E-02
 18.490  0.772E-02
 18.500  0.736E-02
 18.510  0.707E-02
 18.520  0.682E-02
 18.530  0.662E-02
 18.540  0.647E-02
 18.550  0.636E-02
 18.560  0.629E-02
 18.570  0.625E-02
 18.580  0.624E-02
 18.590  0.627E-02
 18.600  0.634E-02
 18.610  0.644E-02
 18.620  0.658E-02
 18.630  0.676E-02
 18.640  0.699E-02
 18.650  0.725E-02
 18.660  0.757E-02
 18.670  0.792E-02
 18.680  0.834E-02
 18.690  0.878E-02
 18.700  0.926E-02
 18.710  0.978E-02
 18.720  0.104E-01
 18.730  0.110E-01
 18.740  0.116E-01
 18.750  0.122E-01
 18.760  0.129E-01
 18.770  0.135E-01
 18.780  0.142E-01
 18.790  0.150E-01
 18.800  0.157E-01
 18.810  0.165E-01
 18.820  0.173E-01
 18.830  0.182E-01
 18.840  0.192E-01
 18.850  0.202E-01
 18.860  0.213E-01
 18.870  0.225E-01
 18.880  0.238E-01
 18.890  0.253E-01
 18.900  0.269E-01
 18.910  0.287E-01
 18.920  0.307E-01
 18.930  0.328E-01
 18.940  0.352E-01
 18.950  0.377E-01
 18.960  0.405E-01
 18.970  0.435E-01
 18.980  0.467E-01
 18.990  0.501E-01
 19.000  0.536E-01
 19.010  0.573E-01
 19.020  0.612E-01
 19.030  0.652E-01
 19.040  0.695E-01
 19.050  0.739E-01
 19.060  0.783E-01
 19.070  0.829E-01
 19.080  0.876E-01
 19.090  0.924E-01
 19.100  0.973E-01
 19.110  0.102E+00
 19.120  0.107E+00
 19.130  0.112E+00
 19.140  0.118E+00
 19.150  0.124E+00
 19.160  0.129E+00
 19.170  0.134E+00
 19.180  0.140E+00
 19.190  0.146E+00
 19.200  0.151E+00
 19.210  0.157E+00
 19.220  0.162E+00
 19.230  0.168E+00
 19.240  0.173E+00
 19.250  0.179E+00
 19.260  0.184E+00
 19.270  0.189E+00
 19.280  0.193E+00
 19.290  0.197E+00
 19.300  0.201E+00
 19.310  0.204E+00
 19.320  0.206E+00
 19.330  0.208E+00
 19.340  0.210E+00
 19.350  0.211E+00
 19.360  0.211E+00
 19.370  0.211E+00
 19.380  0.210E+00
 19.390  0.209E+00
 19.400  0.207E+00
 19.410  0.205E+00
 19.420  0.203E+00
 19.430  0.201E+00
 19.440  0.198E+00
 19.450  0.196E+00
 19.460  0.193E+00
 19.470  0.191E+00
 19.480  0.189E+00
 19.490  0.186E+00
 19.500  0.184E+00
 19.510  0.182E+00
 19.520  0.181E+00
 19.530  0.179E+00
 19.540  0.178E+00
 19.550  0.177E+00
 19.560  0.176E+00
 19.570  0.175E+00
 19.580  0.174E+00
 19.590  0.174E+00
 19.600  0.174E+00
 19.610  0.173E+00
 19.620  0.173E+00
 19.630  0.173E+00
 19.640  0.173E+00
 19.650  0.173E+00
 19.660  0.173E+00
 19.670  0.172E+00
 19.680  0.172E+00
 19.690  0.171E+00
 19.700  0.171E+00
 19.710  0.170E+00
 19.720  0.169E+00
 19.730  0.168E+00
 19.740  0.167E+00
 19.750  0.165E+00
 19.760  0.164E+00
 19.770  0.162E+00
 19.780  0.160E+00
 19.790  0.158E+00
 19.800  0.156E+00
 19.810  0.153E+00
 19.820  0.151E+00
 19.830  0.148E+00
 19.840  0.146E+00
 19.850  0.143E+00
 19.860  0.140E+00
 19.870  0.137E+00
 19.880  0.134E+00
 19.890  0.131E+00
 19.900  0.129E+00
 19.910  0.126E+00
 19.920  0.124E+00
 19.930  0.121E+00
 19.940  0.119E+00
 19.950  0.118E+00
 19.960  0.116E+00
 19.970  0.115E+00
 19.980  0.114E+00
 19.990  0.114E+00
 20.000  0.113E+00
 20.010  0.113E+00
